point_idx_a	point_idx_b	distance
0	1	1
0	2	2
0	3	3
0	4	4
0	5	5
0	6	6
0	7	7
0	8	8
0	9	9
0	10	10
0	11	1
0	12	1
0	13	2
0	14	3
0	15	4
0	16	5
0	17	6
0	18	7
0	19	8
0	20	9
0	21	10
0	22	2
0	23	2
0	24	2
0	25	3
0	26	4
0	27	5
0	28	6
0	29	7
0	30	8
0	31	9
0	32	10
0	33	3
0	34	3
0	35	3
0	36	3
0	37	4
0	38	5
0	39	6
0	40	7
0	41	8
0	42	9
0	43	10
0	44	4
0	45	4
0	46	4
0	47	4
0	48	4
0	49	5
0	50	6
0	51	7
0	52	8
0	53	9
0	54	10
0	55	5
0	56	5
0	57	5
0	58	5
0	59	5
0	60	5
0	61	6
0	62	7
0	63	8
0	64	9
0	65	10
0	66	6
0	67	6
0	68	6
0	69	6
0	70	6
0	71	6
0	72	6
0	73	7
0	74	8
0	75	9
0	76	10
0	77	7
0	78	7
0	79	7
0	80	7
0	81	7
0	82	7
0	83	7
0	84	7
0	85	8
0	86	9
0	87	10
0	88	8
0	89	8
0	90	8
0	91	8
0	92	8
0	93	8
0	94	8
0	95	8
0	96	8
0	97	9
0	98	10
0	99	9
0	100	9
0	101	9
0	102	9
0	103	9
0	104	9
0	105	9
0	106	9
0	107	9
0	108	9
0	109	10
0	110	10
0	111	10
0	112	10
0	113	10
0	114	10
0	115	10
0	116	10
0	117	10
0	118	10
0	119	10
0	120	10
1	2	1
1	3	2
1	4	3
1	5	4
1	6	5
1	7	6
1	8	7
1	9	8
1	10	9
1	11	1
1	12	1
1	13	1
1	14	2
1	15	3
1	16	4
1	17	5
1	18	6
1	19	7
1	20	8
1	21	9
1	22	2
1	23	2
1	24	2
1	25	2
1	26	3
1	27	4
1	28	5
1	29	6
1	30	7
1	31	8
1	32	9
1	33	3
1	34	3
1	35	3
1	36	3
1	37	3
1	38	4
1	39	5
1	40	6
1	41	7
1	42	8
1	43	9
1	44	4
1	45	4
1	46	4
1	47	4
1	48	4
1	49	4
1	50	5
1	51	6
1	52	7
1	53	8
1	54	9
1	55	5
1	56	5
1	57	5
1	58	5
1	59	5
1	60	5
1	61	5
1	62	6
1	63	7
1	64	8
1	65	9
1	66	6
1	67	6
1	68	6
1	69	6
1	70	6
1	71	6
1	72	6
1	73	6
1	74	7
1	75	8
1	76	9
1	77	7
1	78	7
1	79	7
1	80	7
1	81	7
1	82	7
1	83	7
1	84	7
1	85	7
1	86	8
1	87	9
1	88	8
1	89	8
1	90	8
1	91	8
1	92	8
1	93	8
1	94	8
1	95	8
1	96	8
1	97	8
1	98	9
1	99	9
1	100	9
1	101	9
1	102	9
1	103	9
1	104	9
1	105	9
1	106	9
1	107	9
1	108	9
1	109	9
1	110	10
1	111	10
1	112	10
1	113	10
1	114	10
1	115	10
1	116	10
1	117	10
1	118	10
1	119	10
1	120	10
2	3	1
2	4	2
2	5	3
2	6	4
2	7	5
2	8	6
2	9	7
2	10	8
2	11	2
2	12	1
2	13	1
2	14	1
2	15	2
2	16	3
2	17	4
2	18	5
2	19	6
2	20	7
2	21	8
2	22	2
2	23	2
2	24	2
2	25	2
2	26	2
2	27	3
2	28	4
2	29	5
2	30	6
2	31	7
2	32	8
2	33	3
2	34	3
2	35	3
2	36	3
2	37	3
2	38	3
2	39	4
2	40	5
2	41	6
2	42	7
2	43	8
2	44	4
2	45	4
2	46	4
2	47	4
2	48	4
2	49	4
2	50	4
2	51	5
2	52	6
2	53	7
2	54	8
2	55	5
2	56	5
2	57	5
2	58	5
2	59	5
2	60	5
2	61	5
2	62	5
2	63	6
2	64	7
2	65	8
2	66	6
2	67	6
2	68	6
2	69	6
2	70	6
2	71	6
2	72	6
2	73	6
2	74	6
2	75	7
2	76	8
2	77	7
2	78	7
2	79	7
2	80	7
2	81	7
2	82	7
2	83	7
2	84	7
2	85	7
2	86	7
2	87	8
2	88	8
2	89	8
2	90	8
2	91	8
2	92	8
2	93	8
2	94	8
2	95	8
2	96	8
2	97	8
2	98	8
2	99	9
2	100	9
2	101	9
2	102	9
2	103	9
2	104	9
2	105	9
2	106	9
2	107	9
2	108	9
2	109	9
2	110	10
2	111	10
2	112	10
2	113	10
2	114	10
2	115	10
2	116	10
2	117	10
2	118	10
2	119	10
2	120	10
3	4	1
3	5	2
3	6	3
3	7	4
3	8	5
3	9	6
3	10	7
3	11	3
3	12	2
3	13	1
3	14	1
3	15	1
3	16	2
3	17	3
3	18	4
3	19	5
3	20	6
3	21	7
3	22	3
3	23	2
3	24	2
3	25	2
3	26	2
3	27	2
3	28	3
3	29	4
3	30	5
3	31	6
3	32	7
3	33	3
3	34	3
3	35	3
3	36	3
3	37	3
3	38	3
3	39	3
3	40	4
3	41	5
3	42	6
3	43	7
3	44	4
3	45	4
3	46	4
3	47	4
3	48	4
3	49	4
3	50	4
3	51	4
3	52	5
3	53	6
3	54	7
3	55	5
3	56	5
3	57	5
3	58	5
3	59	5
3	60	5
3	61	5
3	62	5
3	63	5
3	64	6
3	65	7
3	66	6
3	67	6
3	68	6
3	69	6
3	70	6
3	71	6
3	72	6
3	73	6
3	74	6
3	75	6
3	76	7
3	77	7
3	78	7
3	79	7
3	80	7
3	81	7
3	82	7
3	83	7
3	84	7
3	85	7
3	86	7
3	87	7
3	88	8
3	89	8
3	90	8
3	91	8
3	92	8
3	93	8
3	94	8
3	95	8
3	96	8
3	97	8
3	98	8
3	99	9
3	100	9
3	101	9
3	102	9
3	103	9
3	104	9
3	105	9
3	106	9
3	107	9
3	108	9
3	109	9
3	110	10
3	111	10
3	112	10
3	113	10
3	114	10
3	115	10
3	116	10
3	117	10
3	118	10
3	119	10
3	120	10
4	5	1
4	6	2
4	7	3
4	8	4
4	9	5
4	10	6
4	11	4
4	12	3
4	13	2
4	14	1
4	15	1
4	16	1
4	17	2
4	18	3
4	19	4
4	20	5
4	21	6
4	22	4
4	23	3
4	24	2
4	25	2
4	26	2
4	27	2
4	28	2
4	29	3
4	30	4
4	31	5
4	32	6
4	33	4
4	34	3
4	35	3
4	36	3
4	37	3
4	38	3
4	39	3
4	40	3
4	41	4
4	42	5
4	43	6
4	44	4
4	45	4
4	46	4
4	47	4
4	48	4
4	49	4
4	50	4
4	51	4
4	52	4
4	53	5
4	54	6
4	55	5
4	56	5
4	57	5
4	58	5
4	59	5
4	60	5
4	61	5
4	62	5
4	63	5
4	64	5
4	65	6
4	66	6
4	67	6
4	68	6
4	69	6
4	70	6
4	71	6
4	72	6
4	73	6
4	74	6
4	75	6
4	76	6
4	77	7
4	78	7
4	79	7
4	80	7
4	81	7
4	82	7
4	83	7
4	84	7
4	85	7
4	86	7
4	87	7
4	88	8
4	89	8
4	90	8
4	91	8
4	92	8
4	93	8
4	94	8
4	95	8
4	96	8
4	97	8
4	98	8
4	99	9
4	100	9
4	101	9
4	102	9
4	103	9
4	104	9
4	105	9
4	106	9
4	107	9
4	108	9
4	109	9
4	110	10
4	111	10
4	112	10
4	113	10
4	114	10
4	115	10
4	116	10
4	117	10
4	118	10
4	119	10
4	120	10
5	6	1
5	7	2
5	8	3
5	9	4
5	10	5
5	11	5
5	12	4
5	13	3
5	14	2
5	15	1
5	16	1
5	17	1
5	18	2
5	19	3
5	20	4
5	21	5
5	22	5
5	23	4
5	24	3
5	25	2
5	26	2
5	27	2
5	28	2
5	29	2
5	30	3
5	31	4
5	32	5
5	33	5
5	34	4
5	35	3
5	36	3
5	37	3
5	38	3
5	39	3
5	40	3
5	41	3
5	42	4
5	43	5
5	44	5
5	45	4
5	46	4
5	47	4
5	48	4
5	49	4
5	50	4
5	51	4
5	52	4
5	53	4
5	54	5
5	55	5
5	56	5
5	57	5
5	58	5
5	59	5
5	60	5
5	61	5
5	62	5
5	63	5
5	64	5
5	65	5
5	66	6
5	67	6
5	68	6
5	69	6
5	70	6
5	71	6
5	72	6
5	73	6
5	74	6
5	75	6
5	76	6
5	77	7
5	78	7
5	79	7
5	80	7
5	81	7
5	82	7
5	83	7
5	84	7
5	85	7
5	86	7
5	87	7
5	88	8
5	89	8
5	90	8
5	91	8
5	92	8
5	93	8
5	94	8
5	95	8
5	96	8
5	97	8
5	98	8
5	99	9
5	100	9
5	101	9
5	102	9
5	103	9
5	104	9
5	105	9
5	106	9
5	107	9
5	108	9
5	109	9
5	110	10
5	111	10
5	112	10
5	113	10
5	114	10
5	115	10
5	116	10
5	117	10
5	118	10
5	119	10
5	120	10
6	7	1
6	8	2
6	9	3
6	10	4
6	11	6
6	12	5
6	13	4
6	14	3
6	15	2
6	16	1
6	17	1
6	18	1
6	19	2
6	20	3
6	21	4
6	22	6
6	23	5
6	24	4
6	25	3
6	26	2
6	27	2
6	28	2
6	29	2
6	30	2
6	31	3
6	32	4
6	33	6
6	34	5
6	35	4
6	36	3
6	37	3
6	38	3
6	39	3
6	40	3
6	41	3
6	42	3
6	43	4
6	44	6
6	45	5
6	46	4
6	47	4
6	48	4
6	49	4
6	50	4
6	51	4
6	52	4
6	53	4
6	54	4
6	55	6
6	56	5
6	57	5
6	58	5
6	59	5
6	60	5
6	61	5
6	62	5
6	63	5
6	64	5
6	65	5
6	66	6
6	67	6
6	68	6
6	69	6
6	70	6
6	71	6
6	72	6
6	73	6
6	74	6
6	75	6
6	76	6
6	77	7
6	78	7
6	79	7
6	80	7
6	81	7
6	82	7
6	83	7
6	84	7
6	85	7
6	86	7
6	87	7
6	88	8
6	89	8
6	90	8
6	91	8
6	92	8
6	93	8
6	94	8
6	95	8
6	96	8
6	97	8
6	98	8
6	99	9
6	100	9
6	101	9
6	102	9
6	103	9
6	104	9
6	105	9
6	106	9
6	107	9
6	108	9
6	109	9
6	110	10
6	111	10
6	112	10
6	113	10
6	114	10
6	115	10
6	116	10
6	117	10
6	118	10
6	119	10
6	120	10
7	8	1
7	9	2
7	10	3
7	11	7
7	12	6
7	13	5
7	14	4
7	15	3
7	16	2
7	17	1
7	18	1
7	19	1
7	20	2
7	21	3
7	22	7
7	23	6
7	24	5
7	25	4
7	26	3
7	27	2
7	28	2
7	29	2
7	30	2
7	31	2
7	32	3
7	33	7
7	34	6
7	35	5
7	36	4
7	37	3
7	38	3
7	39	3
7	40	3
7	41	3
7	42	3
7	43	3
7	44	7
7	45	6
7	46	5
7	47	4
7	48	4
7	49	4
7	50	4
7	51	4
7	52	4
7	53	4
7	54	4
7	55	7
7	56	6
7	57	5
7	58	5
7	59	5
7	60	5
7	61	5
7	62	5
7	63	5
7	64	5
7	65	5
7	66	7
7	67	6
7	68	6
7	69	6
7	70	6
7	71	6
7	72	6
7	73	6
7	74	6
7	75	6
7	76	6
7	77	7
7	78	7
7	79	7
7	80	7
7	81	7
7	82	7
7	83	7
7	84	7
7	85	7
7	86	7
7	87	7
7	88	8
7	89	8
7	90	8
7	91	8
7	92	8
7	93	8
7	94	8
7	95	8
7	96	8
7	97	8
7	98	8
7	99	9
7	100	9
7	101	9
7	102	9
7	103	9
7	104	9
7	105	9
7	106	9
7	107	9
7	108	9
7	109	9
7	110	10
7	111	10
7	112	10
7	113	10
7	114	10
7	115	10
7	116	10
7	117	10
7	118	10
7	119	10
7	120	10
8	9	1
8	10	2
8	11	8
8	12	7
8	13	6
8	14	5
8	15	4
8	16	3
8	17	2
8	18	1
8	19	1
8	20	1
8	21	2
8	22	8
8	23	7
8	24	6
8	25	5
8	26	4
8	27	3
8	28	2
8	29	2
8	30	2
8	31	2
8	32	2
8	33	8
8	34	7
8	35	6
8	36	5
8	37	4
8	38	3
8	39	3
8	40	3
8	41	3
8	42	3
8	43	3
8	44	8
8	45	7
8	46	6
8	47	5
8	48	4
8	49	4
8	50	4
8	51	4
8	52	4
8	53	4
8	54	4
8	55	8
8	56	7
8	57	6
8	58	5
8	59	5
8	60	5
8	61	5
8	62	5
8	63	5
8	64	5
8	65	5
8	66	8
8	67	7
8	68	6
8	69	6
8	70	6
8	71	6
8	72	6
8	73	6
8	74	6
8	75	6
8	76	6
8	77	8
8	78	7
8	79	7
8	80	7
8	81	7
8	82	7
8	83	7
8	84	7
8	85	7
8	86	7
8	87	7
8	88	8
8	89	8
8	90	8
8	91	8
8	92	8
8	93	8
8	94	8
8	95	8
8	96	8
8	97	8
8	98	8
8	99	9
8	100	9
8	101	9
8	102	9
8	103	9
8	104	9
8	105	9
8	106	9
8	107	9
8	108	9
8	109	9
8	110	10
8	111	10
8	112	10
8	113	10
8	114	10
8	115	10
8	116	10
8	117	10
8	118	10
8	119	10
8	120	10
9	10	1
9	11	9
9	12	8
9	13	7
9	14	6
9	15	5
9	16	4
9	17	3
9	18	2
9	19	1
9	20	1
9	21	1
9	22	9
9	23	8
9	24	7
9	25	6
9	26	5
9	27	4
9	28	3
9	29	2
9	30	2
9	31	2
9	32	2
9	33	9
9	34	8
9	35	7
9	36	6
9	37	5
9	38	4
9	39	3
9	40	3
9	41	3
9	42	3
9	43	3
9	44	9
9	45	8
9	46	7
9	47	6
9	48	5
9	49	4
9	50	4
9	51	4
9	52	4
9	53	4
9	54	4
9	55	9
9	56	8
9	57	7
9	58	6
9	59	5
9	60	5
9	61	5
9	62	5
9	63	5
9	64	5
9	65	5
9	66	9
9	67	8
9	68	7
9	69	6
9	70	6
9	71	6
9	72	6
9	73	6
9	74	6
9	75	6
9	76	6
9	77	9
9	78	8
9	79	7
9	80	7
9	81	7
9	82	7
9	83	7
9	84	7
9	85	7
9	86	7
9	87	7
9	88	9
9	89	8
9	90	8
9	91	8
9	92	8
9	93	8
9	94	8
9	95	8
9	96	8
9	97	8
9	98	8
9	99	9
9	100	9
9	101	9
9	102	9
9	103	9
9	104	9
9	105	9
9	106	9
9	107	9
9	108	9
9	109	9
9	110	10
9	111	10
9	112	10
9	113	10
9	114	10
9	115	10
9	116	10
9	117	10
9	118	10
9	119	10
9	120	10
10	11	10
10	12	9
10	13	8
10	14	7
10	15	6
10	16	5
10	17	4
10	18	3
10	19	2
10	20	1
10	21	1
10	22	10
10	23	9
10	24	8
10	25	7
10	26	6
10	27	5
10	28	4
10	29	3
10	30	2
10	31	2
10	32	2
10	33	10
10	34	9
10	35	8
10	36	7
10	37	6
10	38	5
10	39	4
10	40	3
10	41	3
10	42	3
10	43	3
10	44	10
10	45	9
10	46	8
10	47	7
10	48	6
10	49	5
10	50	4
10	51	4
10	52	4
10	53	4
10	54	4
10	55	10
10	56	9
10	57	8
10	58	7
10	59	6
10	60	5
10	61	5
10	62	5
10	63	5
10	64	5
10	65	5
10	66	10
10	67	9
10	68	8
10	69	7
10	70	6
10	71	6
10	72	6
10	73	6
10	74	6
10	75	6
10	76	6
10	77	10
10	78	9
10	79	8
10	80	7
10	81	7
10	82	7
10	83	7
10	84	7
10	85	7
10	86	7
10	87	7
10	88	10
10	89	9
10	90	8
10	91	8
10	92	8
10	93	8
10	94	8
10	95	8
10	96	8
10	97	8
10	98	8
10	99	10
10	100	9
10	101	9
10	102	9
10	103	9
10	104	9
10	105	9
10	106	9
10	107	9
10	108	9
10	109	9
10	110	10
10	111	10
10	112	10
10	113	10
10	114	10
10	115	10
10	116	10
10	117	10
10	118	10
10	119	10
10	120	10
11	12	1
11	13	2
11	14	3
11	15	4
11	16	5
11	17	6
11	18	7
11	19	8
11	20	9
11	21	10
11	22	1
11	23	1
11	24	2
11	25	3
11	26	4
11	27	5
11	28	6
11	29	7
11	30	8
11	31	9
11	32	10
11	33	2
11	34	2
11	35	2
11	36	3
11	37	4
11	38	5
11	39	6
11	40	7
11	41	8
11	42	9
11	43	10
11	44	3
11	45	3
11	46	3
11	47	3
11	48	4
11	49	5
11	50	6
11	51	7
11	52	8
11	53	9
11	54	10
11	55	4
11	56	4
11	57	4
11	58	4
11	59	4
11	60	5
11	61	6
11	62	7
11	63	8
11	64	9
11	65	10
11	66	5
11	67	5
11	68	5
11	69	5
11	70	5
11	71	5
11	72	6
11	73	7
11	74	8
11	75	9
11	76	10
11	77	6
11	78	6
11	79	6
11	80	6
11	81	6
11	82	6
11	83	6
11	84	7
11	85	8
11	86	9
11	87	10
11	88	7
11	89	7
11	90	7
11	91	7
11	92	7
11	93	7
11	94	7
11	95	7
11	96	8
11	97	9
11	98	10
11	99	8
11	100	8
11	101	8
11	102	8
11	103	8
11	104	8
11	105	8
11	106	8
11	107	8
11	108	9
11	109	10
11	110	9
11	111	9
11	112	9
11	113	9
11	114	9
11	115	9
11	116	9
11	117	9
11	118	9
11	119	9
11	120	10
12	13	1
12	14	2
12	15	3
12	16	4
12	17	5
12	18	6
12	19	7
12	20	8
12	21	9
12	22	1
12	23	1
12	24	1
12	25	2
12	26	3
12	27	4
12	28	5
12	29	6
12	30	7
12	31	8
12	32	9
12	33	2
12	34	2
12	35	2
12	36	2
12	37	3
12	38	4
12	39	5
12	40	6
12	41	7
12	42	8
12	43	9
12	44	3
12	45	3
12	46	3
12	47	3
12	48	3
12	49	4
12	50	5
12	51	6
12	52	7
12	53	8
12	54	9
12	55	4
12	56	4
12	57	4
12	58	4
12	59	4
12	60	4
12	61	5
12	62	6
12	63	7
12	64	8
12	65	9
12	66	5
12	67	5
12	68	5
12	69	5
12	70	5
12	71	5
12	72	5
12	73	6
12	74	7
12	75	8
12	76	9
12	77	6
12	78	6
12	79	6
12	80	6
12	81	6
12	82	6
12	83	6
12	84	6
12	85	7
12	86	8
12	87	9
12	88	7
12	89	7
12	90	7
12	91	7
12	92	7
12	93	7
12	94	7
12	95	7
12	96	7
12	97	8
12	98	9
12	99	8
12	100	8
12	101	8
12	102	8
12	103	8
12	104	8
12	105	8
12	106	8
12	107	8
12	108	8
12	109	9
12	110	9
12	111	9
12	112	9
12	113	9
12	114	9
12	115	9
12	116	9
12	117	9
12	118	9
12	119	9
12	120	9
13	14	1
13	15	2
13	16	3
13	17	4
13	18	5
13	19	6
13	20	7
13	21	8
13	22	2
13	23	1
13	24	1
13	25	1
13	26	2
13	27	3
13	28	4
13	29	5
13	30	6
13	31	7
13	32	8
13	33	2
13	34	2
13	35	2
13	36	2
13	37	2
13	38	3
13	39	4
13	40	5
13	41	6
13	42	7
13	43	8
13	44	3
13	45	3
13	46	3
13	47	3
13	48	3
13	49	3
13	50	4
13	51	5
13	52	6
13	53	7
13	54	8
13	55	4
13	56	4
13	57	4
13	58	4
13	59	4
13	60	4
13	61	4
13	62	5
13	63	6
13	64	7
13	65	8
13	66	5
13	67	5
13	68	5
13	69	5
13	70	5
13	71	5
13	72	5
13	73	5
13	74	6
13	75	7
13	76	8
13	77	6
13	78	6
13	79	6
13	80	6
13	81	6
13	82	6
13	83	6
13	84	6
13	85	6
13	86	7
13	87	8
13	88	7
13	89	7
13	90	7
13	91	7
13	92	7
13	93	7
13	94	7
13	95	7
13	96	7
13	97	7
13	98	8
13	99	8
13	100	8
13	101	8
13	102	8
13	103	8
13	104	8
13	105	8
13	106	8
13	107	8
13	108	8
13	109	8
13	110	9
13	111	9
13	112	9
13	113	9
13	114	9
13	115	9
13	116	9
13	117	9
13	118	9
13	119	9
13	120	9
14	15	1
14	16	2
14	17	3
14	18	4
14	19	5
14	20	6
14	21	7
14	22	3
14	23	2
14	24	1
14	25	1
14	26	1
14	27	2
14	28	3
14	29	4
14	30	5
14	31	6
14	32	7
14	33	3
14	34	2
14	35	2
14	36	2
14	37	2
14	38	2
14	39	3
14	40	4
14	41	5
14	42	6
14	43	7
14	44	3
14	45	3
14	46	3
14	47	3
14	48	3
14	49	3
14	50	3
14	51	4
14	52	5
14	53	6
14	54	7
14	55	4
14	56	4
14	57	4
14	58	4
14	59	4
14	60	4
14	61	4
14	62	4
14	63	5
14	64	6
14	65	7
14	66	5
14	67	5
14	68	5
14	69	5
14	70	5
14	71	5
14	72	5
14	73	5
14	74	5
14	75	6
14	76	7
14	77	6
14	78	6
14	79	6
14	80	6
14	81	6
14	82	6
14	83	6
14	84	6
14	85	6
14	86	6
14	87	7
14	88	7
14	89	7
14	90	7
14	91	7
14	92	7
14	93	7
14	94	7
14	95	7
14	96	7
14	97	7
14	98	7
14	99	8
14	100	8
14	101	8
14	102	8
14	103	8
14	104	8
14	105	8
14	106	8
14	107	8
14	108	8
14	109	8
14	110	9
14	111	9
14	112	9
14	113	9
14	114	9
14	115	9
14	116	9
14	117	9
14	118	9
14	119	9
14	120	9
15	16	1
15	17	2
15	18	3
15	19	4
15	20	5
15	21	6
15	22	4
15	23	3
15	24	2
15	25	1
15	26	1
15	27	1
15	28	2
15	29	3
15	30	4
15	31	5
15	32	6
15	33	4
15	34	3
15	35	2
15	36	2
15	37	2
15	38	2
15	39	2
15	40	3
15	41	4
15	42	5
15	43	6
15	44	4
15	45	3
15	46	3
15	47	3
15	48	3
15	49	3
15	50	3
15	51	3
15	52	4
15	53	5
15	54	6
15	55	4
15	56	4
15	57	4
15	58	4
15	59	4
15	60	4
15	61	4
15	62	4
15	63	4
15	64	5
15	65	6
15	66	5
15	67	5
15	68	5
15	69	5
15	70	5
15	71	5
15	72	5
15	73	5
15	74	5
15	75	5
15	76	6
15	77	6
15	78	6
15	79	6
15	80	6
15	81	6
15	82	6
15	83	6
15	84	6
15	85	6
15	86	6
15	87	6
15	88	7
15	89	7
15	90	7
15	91	7
15	92	7
15	93	7
15	94	7
15	95	7
15	96	7
15	97	7
15	98	7
15	99	8
15	100	8
15	101	8
15	102	8
15	103	8
15	104	8
15	105	8
15	106	8
15	107	8
15	108	8
15	109	8
15	110	9
15	111	9
15	112	9
15	113	9
15	114	9
15	115	9
15	116	9
15	117	9
15	118	9
15	119	9
15	120	9
16	17	1
16	18	2
16	19	3
16	20	4
16	21	5
16	22	5
16	23	4
16	24	3
16	25	2
16	26	1
16	27	1
16	28	1
16	29	2
16	30	3
16	31	4
16	32	5
16	33	5
16	34	4
16	35	3
16	36	2
16	37	2
16	38	2
16	39	2
16	40	2
16	41	3
16	42	4
16	43	5
16	44	5
16	45	4
16	46	3
16	47	3
16	48	3
16	49	3
16	50	3
16	51	3
16	52	3
16	53	4
16	54	5
16	55	5
16	56	4
16	57	4
16	58	4
16	59	4
16	60	4
16	61	4
16	62	4
16	63	4
16	64	4
16	65	5
16	66	5
16	67	5
16	68	5
16	69	5
16	70	5
16	71	5
16	72	5
16	73	5
16	74	5
16	75	5
16	76	5
16	77	6
16	78	6
16	79	6
16	80	6
16	81	6
16	82	6
16	83	6
16	84	6
16	85	6
16	86	6
16	87	6
16	88	7
16	89	7
16	90	7
16	91	7
16	92	7
16	93	7
16	94	7
16	95	7
16	96	7
16	97	7
16	98	7
16	99	8
16	100	8
16	101	8
16	102	8
16	103	8
16	104	8
16	105	8
16	106	8
16	107	8
16	108	8
16	109	8
16	110	9
16	111	9
16	112	9
16	113	9
16	114	9
16	115	9
16	116	9
16	117	9
16	118	9
16	119	9
16	120	9
17	18	1
17	19	2
17	20	3
17	21	4
17	22	6
17	23	5
17	24	4
17	25	3
17	26	2
17	27	1
17	28	1
17	29	1
17	30	2
17	31	3
17	32	4
17	33	6
17	34	5
17	35	4
17	36	3
17	37	2
17	38	2
17	39	2
17	40	2
17	41	2
17	42	3
17	43	4
17	44	6
17	45	5
17	46	4
17	47	3
17	48	3
17	49	3
17	50	3
17	51	3
17	52	3
17	53	3
17	54	4
17	55	6
17	56	5
17	57	4
17	58	4
17	59	4
17	60	4
17	61	4
17	62	4
17	63	4
17	64	4
17	65	4
17	66	6
17	67	5
17	68	5
17	69	5
17	70	5
17	71	5
17	72	5
17	73	5
17	74	5
17	75	5
17	76	5
17	77	6
17	78	6
17	79	6
17	80	6
17	81	6
17	82	6
17	83	6
17	84	6
17	85	6
17	86	6
17	87	6
17	88	7
17	89	7
17	90	7
17	91	7
17	92	7
17	93	7
17	94	7
17	95	7
17	96	7
17	97	7
17	98	7
17	99	8
17	100	8
17	101	8
17	102	8
17	103	8
17	104	8
17	105	8
17	106	8
17	107	8
17	108	8
17	109	8
17	110	9
17	111	9
17	112	9
17	113	9
17	114	9
17	115	9
17	116	9
17	117	9
17	118	9
17	119	9
17	120	9
18	19	1
18	20	2
18	21	3
18	22	7
18	23	6
18	24	5
18	25	4
18	26	3
18	27	2
18	28	1
18	29	1
18	30	1
18	31	2
18	32	3
18	33	7
18	34	6
18	35	5
18	36	4
18	37	3
18	38	2
18	39	2
18	40	2
18	41	2
18	42	2
18	43	3
18	44	7
18	45	6
18	46	5
18	47	4
18	48	3
18	49	3
18	50	3
18	51	3
18	52	3
18	53	3
18	54	3
18	55	7
18	56	6
18	57	5
18	58	4
18	59	4
18	60	4
18	61	4
18	62	4
18	63	4
18	64	4
18	65	4
18	66	7
18	67	6
18	68	5
18	69	5
18	70	5
18	71	5
18	72	5
18	73	5
18	74	5
18	75	5
18	76	5
18	77	7
18	78	6
18	79	6
18	80	6
18	81	6
18	82	6
18	83	6
18	84	6
18	85	6
18	86	6
18	87	6
18	88	7
18	89	7
18	90	7
18	91	7
18	92	7
18	93	7
18	94	7
18	95	7
18	96	7
18	97	7
18	98	7
18	99	8
18	100	8
18	101	8
18	102	8
18	103	8
18	104	8
18	105	8
18	106	8
18	107	8
18	108	8
18	109	8
18	110	9
18	111	9
18	112	9
18	113	9
18	114	9
18	115	9
18	116	9
18	117	9
18	118	9
18	119	9
18	120	9
19	20	1
19	21	2
19	22	8
19	23	7
19	24	6
19	25	5
19	26	4
19	27	3
19	28	2
19	29	1
19	30	1
19	31	1
19	32	2
19	33	8
19	34	7
19	35	6
19	36	5
19	37	4
19	38	3
19	39	2
19	40	2
19	41	2
19	42	2
19	43	2
19	44	8
19	45	7
19	46	6
19	47	5
19	48	4
19	49	3
19	50	3
19	51	3
19	52	3
19	53	3
19	54	3
19	55	8
19	56	7
19	57	6
19	58	5
19	59	4
19	60	4
19	61	4
19	62	4
19	63	4
19	64	4
19	65	4
19	66	8
19	67	7
19	68	6
19	69	5
19	70	5
19	71	5
19	72	5
19	73	5
19	74	5
19	75	5
19	76	5
19	77	8
19	78	7
19	79	6
19	80	6
19	81	6
19	82	6
19	83	6
19	84	6
19	85	6
19	86	6
19	87	6
19	88	8
19	89	7
19	90	7
19	91	7
19	92	7
19	93	7
19	94	7
19	95	7
19	96	7
19	97	7
19	98	7
19	99	8
19	100	8
19	101	8
19	102	8
19	103	8
19	104	8
19	105	8
19	106	8
19	107	8
19	108	8
19	109	8
19	110	9
19	111	9
19	112	9
19	113	9
19	114	9
19	115	9
19	116	9
19	117	9
19	118	9
19	119	9
19	120	9
20	21	1
20	22	9
20	23	8
20	24	7
20	25	6
20	26	5
20	27	4
20	28	3
20	29	2
20	30	1
20	31	1
20	32	1
20	33	9
20	34	8
20	35	7
20	36	6
20	37	5
20	38	4
20	39	3
20	40	2
20	41	2
20	42	2
20	43	2
20	44	9
20	45	8
20	46	7
20	47	6
20	48	5
20	49	4
20	50	3
20	51	3
20	52	3
20	53	3
20	54	3
20	55	9
20	56	8
20	57	7
20	58	6
20	59	5
20	60	4
20	61	4
20	62	4
20	63	4
20	64	4
20	65	4
20	66	9
20	67	8
20	68	7
20	69	6
20	70	5
20	71	5
20	72	5
20	73	5
20	74	5
20	75	5
20	76	5
20	77	9
20	78	8
20	79	7
20	80	6
20	81	6
20	82	6
20	83	6
20	84	6
20	85	6
20	86	6
20	87	6
20	88	9
20	89	8
20	90	7
20	91	7
20	92	7
20	93	7
20	94	7
20	95	7
20	96	7
20	97	7
20	98	7
20	99	9
20	100	8
20	101	8
20	102	8
20	103	8
20	104	8
20	105	8
20	106	8
20	107	8
20	108	8
20	109	8
20	110	9
20	111	9
20	112	9
20	113	9
20	114	9
20	115	9
20	116	9
20	117	9
20	118	9
20	119	9
20	120	9
21	22	10
21	23	9
21	24	8
21	25	7
21	26	6
21	27	5
21	28	4
21	29	3
21	30	2
21	31	1
21	32	1
21	33	10
21	34	9
21	35	8
21	36	7
21	37	6
21	38	5
21	39	4
21	40	3
21	41	2
21	42	2
21	43	2
21	44	10
21	45	9
21	46	8
21	47	7
21	48	6
21	49	5
21	50	4
21	51	3
21	52	3
21	53	3
21	54	3
21	55	10
21	56	9
21	57	8
21	58	7
21	59	6
21	60	5
21	61	4
21	62	4
21	63	4
21	64	4
21	65	4
21	66	10
21	67	9
21	68	8
21	69	7
21	70	6
21	71	5
21	72	5
21	73	5
21	74	5
21	75	5
21	76	5
21	77	10
21	78	9
21	79	8
21	80	7
21	81	6
21	82	6
21	83	6
21	84	6
21	85	6
21	86	6
21	87	6
21	88	10
21	89	9
21	90	8
21	91	7
21	92	7
21	93	7
21	94	7
21	95	7
21	96	7
21	97	7
21	98	7
21	99	10
21	100	9
21	101	8
21	102	8
21	103	8
21	104	8
21	105	8
21	106	8
21	107	8
21	108	8
21	109	8
21	110	10
21	111	9
21	112	9
21	113	9
21	114	9
21	115	9
21	116	9
21	117	9
21	118	9
21	119	9
21	120	9
22	23	1
22	24	2
22	25	3
22	26	4
22	27	5
22	28	6
22	29	7
22	30	8
22	31	9
22	32	10
22	33	1
22	34	1
22	35	2
22	36	3
22	37	4
22	38	5
22	39	6
22	40	7
22	41	8
22	42	9
22	43	10
22	44	2
22	45	2
22	46	2
22	47	3
22	48	4
22	49	5
22	50	6
22	51	7
22	52	8
22	53	9
22	54	10
22	55	3
22	56	3
22	57	3
22	58	3
22	59	4
22	60	5
22	61	6
22	62	7
22	63	8
22	64	9
22	65	10
22	66	4
22	67	4
22	68	4
22	69	4
22	70	4
22	71	5
22	72	6
22	73	7
22	74	8
22	75	9
22	76	10
22	77	5
22	78	5
22	79	5
22	80	5
22	81	5
22	82	5
22	83	6
22	84	7
22	85	8
22	86	9
22	87	10
22	88	6
22	89	6
22	90	6
22	91	6
22	92	6
22	93	6
22	94	6
22	95	7
22	96	8
22	97	9
22	98	10
22	99	7
22	100	7
22	101	7
22	102	7
22	103	7
22	104	7
22	105	7
22	106	7
22	107	8
22	108	9
22	109	10
22	110	8
22	111	8
22	112	8
22	113	8
22	114	8
22	115	8
22	116	8
22	117	8
22	118	8
22	119	9
22	120	10
23	24	1
23	25	2
23	26	3
23	27	4
23	28	5
23	29	6
23	30	7
23	31	8
23	32	9
23	33	1
23	34	1
23	35	1
23	36	2
23	37	3
23	38	4
23	39	5
23	40	6
23	41	7
23	42	8
23	43	9
23	44	2
23	45	2
23	46	2
23	47	2
23	48	3
23	49	4
23	50	5
23	51	6
23	52	7
23	53	8
23	54	9
23	55	3
23	56	3
23	57	3
23	58	3
23	59	3
23	60	4
23	61	5
23	62	6
23	63	7
23	64	8
23	65	9
23	66	4
23	67	4
23	68	4
23	69	4
23	70	4
23	71	4
23	72	5
23	73	6
23	74	7
23	75	8
23	76	9
23	77	5
23	78	5
23	79	5
23	80	5
23	81	5
23	82	5
23	83	5
23	84	6
23	85	7
23	86	8
23	87	9
23	88	6
23	89	6
23	90	6
23	91	6
23	92	6
23	93	6
23	94	6
23	95	6
23	96	7
23	97	8
23	98	9
23	99	7
23	100	7
23	101	7
23	102	7
23	103	7
23	104	7
23	105	7
23	106	7
23	107	7
23	108	8
23	109	9
23	110	8
23	111	8
23	112	8
23	113	8
23	114	8
23	115	8
23	116	8
23	117	8
23	118	8
23	119	8
23	120	9
24	25	1
24	26	2
24	27	3
24	28	4
24	29	5
24	30	6
24	31	7
24	32	8
24	33	2
24	34	1
24	35	1
24	36	1
24	37	2
24	38	3
24	39	4
24	40	5
24	41	6
24	42	7
24	43	8
24	44	2
24	45	2
24	46	2
24	47	2
24	48	2
24	49	3
24	50	4
24	51	5
24	52	6
24	53	7
24	54	8
24	55	3
24	56	3
24	57	3
24	58	3
24	59	3
24	60	3
24	61	4
24	62	5
24	63	6
24	64	7
24	65	8
24	66	4
24	67	4
24	68	4
24	69	4
24	70	4
24	71	4
24	72	4
24	73	5
24	74	6
24	75	7
24	76	8
24	77	5
24	78	5
24	79	5
24	80	5
24	81	5
24	82	5
24	83	5
24	84	5
24	85	6
24	86	7
24	87	8
24	88	6
24	89	6
24	90	6
24	91	6
24	92	6
24	93	6
24	94	6
24	95	6
24	96	6
24	97	7
24	98	8
24	99	7
24	100	7
24	101	7
24	102	7
24	103	7
24	104	7
24	105	7
24	106	7
24	107	7
24	108	7
24	109	8
24	110	8
24	111	8
24	112	8
24	113	8
24	114	8
24	115	8
24	116	8
24	117	8
24	118	8
24	119	8
24	120	8
25	26	1
25	27	2
25	28	3
25	29	4
25	30	5
25	31	6
25	32	7
25	33	3
25	34	2
25	35	1
25	36	1
25	37	1
25	38	2
25	39	3
25	40	4
25	41	5
25	42	6
25	43	7
25	44	3
25	45	2
25	46	2
25	47	2
25	48	2
25	49	2
25	50	3
25	51	4
25	52	5
25	53	6
25	54	7
25	55	3
25	56	3
25	57	3
25	58	3
25	59	3
25	60	3
25	61	3
25	62	4
25	63	5
25	64	6
25	65	7
25	66	4
25	67	4
25	68	4
25	69	4
25	70	4
25	71	4
25	72	4
25	73	4
25	74	5
25	75	6
25	76	7
25	77	5
25	78	5
25	79	5
25	80	5
25	81	5
25	82	5
25	83	5
25	84	5
25	85	5
25	86	6
25	87	7
25	88	6
25	89	6
25	90	6
25	91	6
25	92	6
25	93	6
25	94	6
25	95	6
25	96	6
25	97	6
25	98	7
25	99	7
25	100	7
25	101	7
25	102	7
25	103	7
25	104	7
25	105	7
25	106	7
25	107	7
25	108	7
25	109	7
25	110	8
25	111	8
25	112	8
25	113	8
25	114	8
25	115	8
25	116	8
25	117	8
25	118	8
25	119	8
25	120	8
26	27	1
26	28	2
26	29	3
26	30	4
26	31	5
26	32	6
26	33	4
26	34	3
26	35	2
26	36	1
26	37	1
26	38	1
26	39	2
26	40	3
26	41	4
26	42	5
26	43	6
26	44	4
26	45	3
26	46	2
26	47	2
26	48	2
26	49	2
26	50	2
26	51	3
26	52	4
26	53	5
26	54	6
26	55	4
26	56	3
26	57	3
26	58	3
26	59	3
26	60	3
26	61	3
26	62	3
26	63	4
26	64	5
26	65	6
26	66	4
26	67	4
26	68	4
26	69	4
26	70	4
26	71	4
26	72	4
26	73	4
26	74	4
26	75	5
26	76	6
26	77	5
26	78	5
26	79	5
26	80	5
26	81	5
26	82	5
26	83	5
26	84	5
26	85	5
26	86	5
26	87	6
26	88	6
26	89	6
26	90	6
26	91	6
26	92	6
26	93	6
26	94	6
26	95	6
26	96	6
26	97	6
26	98	6
26	99	7
26	100	7
26	101	7
26	102	7
26	103	7
26	104	7
26	105	7
26	106	7
26	107	7
26	108	7
26	109	7
26	110	8
26	111	8
26	112	8
26	113	8
26	114	8
26	115	8
26	116	8
26	117	8
26	118	8
26	119	8
26	120	8
27	28	1
27	29	2
27	30	3
27	31	4
27	32	5
27	33	5
27	34	4
27	35	3
27	36	2
27	37	1
27	38	1
27	39	1
27	40	2
27	41	3
27	42	4
27	43	5
27	44	5
27	45	4
27	46	3
27	47	2
27	48	2
27	49	2
27	50	2
27	51	2
27	52	3
27	53	4
27	54	5
27	55	5
27	56	4
27	57	3
27	58	3
27	59	3
27	60	3
27	61	3
27	62	3
27	63	3
27	64	4
27	65	5
27	66	5
27	67	4
27	68	4
27	69	4
27	70	4
27	71	4
27	72	4
27	73	4
27	74	4
27	75	4
27	76	5
27	77	5
27	78	5
27	79	5
27	80	5
27	81	5
27	82	5
27	83	5
27	84	5
27	85	5
27	86	5
27	87	5
27	88	6
27	89	6
27	90	6
27	91	6
27	92	6
27	93	6
27	94	6
27	95	6
27	96	6
27	97	6
27	98	6
27	99	7
27	100	7
27	101	7
27	102	7
27	103	7
27	104	7
27	105	7
27	106	7
27	107	7
27	108	7
27	109	7
27	110	8
27	111	8
27	112	8
27	113	8
27	114	8
27	115	8
27	116	8
27	117	8
27	118	8
27	119	8
27	120	8
28	29	1
28	30	2
28	31	3
28	32	4
28	33	6
28	34	5
28	35	4
28	36	3
28	37	2
28	38	1
28	39	1
28	40	1
28	41	2
28	42	3
28	43	4
28	44	6
28	45	5
28	46	4
28	47	3
28	48	2
28	49	2
28	50	2
28	51	2
28	52	2
28	53	3
28	54	4
28	55	6
28	56	5
28	57	4
28	58	3
28	59	3
28	60	3
28	61	3
28	62	3
28	63	3
28	64	3
28	65	4
28	66	6
28	67	5
28	68	4
28	69	4
28	70	4
28	71	4
28	72	4
28	73	4
28	74	4
28	75	4
28	76	4
28	77	6
28	78	5
28	79	5
28	80	5
28	81	5
28	82	5
28	83	5
28	84	5
28	85	5
28	86	5
28	87	5
28	88	6
28	89	6
28	90	6
28	91	6
28	92	6
28	93	6
28	94	6
28	95	6
28	96	6
28	97	6
28	98	6
28	99	7
28	100	7
28	101	7
28	102	7
28	103	7
28	104	7
28	105	7
28	106	7
28	107	7
28	108	7
28	109	7
28	110	8
28	111	8
28	112	8
28	113	8
28	114	8
28	115	8
28	116	8
28	117	8
28	118	8
28	119	8
28	120	8
29	30	1
29	31	2
29	32	3
29	33	7
29	34	6
29	35	5
29	36	4
29	37	3
29	38	2
29	39	1
29	40	1
29	41	1
29	42	2
29	43	3
29	44	7
29	45	6
29	46	5
29	47	4
29	48	3
29	49	2
29	50	2
29	51	2
29	52	2
29	53	2
29	54	3
29	55	7
29	56	6
29	57	5
29	58	4
29	59	3
29	60	3
29	61	3
29	62	3
29	63	3
29	64	3
29	65	3
29	66	7
29	67	6
29	68	5
29	69	4
29	70	4
29	71	4
29	72	4
29	73	4
29	74	4
29	75	4
29	76	4
29	77	7
29	78	6
29	79	5
29	80	5
29	81	5
29	82	5
29	83	5
29	84	5
29	85	5
29	86	5
29	87	5
29	88	7
29	89	6
29	90	6
29	91	6
29	92	6
29	93	6
29	94	6
29	95	6
29	96	6
29	97	6
29	98	6
29	99	7
29	100	7
29	101	7
29	102	7
29	103	7
29	104	7
29	105	7
29	106	7
29	107	7
29	108	7
29	109	7
29	110	8
29	111	8
29	112	8
29	113	8
29	114	8
29	115	8
29	116	8
29	117	8
29	118	8
29	119	8
29	120	8
30	31	1
30	32	2
30	33	8
30	34	7
30	35	6
30	36	5
30	37	4
30	38	3
30	39	2
30	40	1
30	41	1
30	42	1
30	43	2
30	44	8
30	45	7
30	46	6
30	47	5
30	48	4
30	49	3
30	50	2
30	51	2
30	52	2
30	53	2
30	54	2
30	55	8
30	56	7
30	57	6
30	58	5
30	59	4
30	60	3
30	61	3
30	62	3
30	63	3
30	64	3
30	65	3
30	66	8
30	67	7
30	68	6
30	69	5
30	70	4
30	71	4
30	72	4
30	73	4
30	74	4
30	75	4
30	76	4
30	77	8
30	78	7
30	79	6
30	80	5
30	81	5
30	82	5
30	83	5
30	84	5
30	85	5
30	86	5
30	87	5
30	88	8
30	89	7
30	90	6
30	91	6
30	92	6
30	93	6
30	94	6
30	95	6
30	96	6
30	97	6
30	98	6
30	99	8
30	100	7
30	101	7
30	102	7
30	103	7
30	104	7
30	105	7
30	106	7
30	107	7
30	108	7
30	109	7
30	110	8
30	111	8
30	112	8
30	113	8
30	114	8
30	115	8
30	116	8
30	117	8
30	118	8
30	119	8
30	120	8
31	32	1
31	33	9
31	34	8
31	35	7
31	36	6
31	37	5
31	38	4
31	39	3
31	40	2
31	41	1
31	42	1
31	43	1
31	44	9
31	45	8
31	46	7
31	47	6
31	48	5
31	49	4
31	50	3
31	51	2
31	52	2
31	53	2
31	54	2
31	55	9
31	56	8
31	57	7
31	58	6
31	59	5
31	60	4
31	61	3
31	62	3
31	63	3
31	64	3
31	65	3
31	66	9
31	67	8
31	68	7
31	69	6
31	70	5
31	71	4
31	72	4
31	73	4
31	74	4
31	75	4
31	76	4
31	77	9
31	78	8
31	79	7
31	80	6
31	81	5
31	82	5
31	83	5
31	84	5
31	85	5
31	86	5
31	87	5
31	88	9
31	89	8
31	90	7
31	91	6
31	92	6
31	93	6
31	94	6
31	95	6
31	96	6
31	97	6
31	98	6
31	99	9
31	100	8
31	101	7
31	102	7
31	103	7
31	104	7
31	105	7
31	106	7
31	107	7
31	108	7
31	109	7
31	110	9
31	111	8
31	112	8
31	113	8
31	114	8
31	115	8
31	116	8
31	117	8
31	118	8
31	119	8
31	120	8
32	33	10
32	34	9
32	35	8
32	36	7
32	37	6
32	38	5
32	39	4
32	40	3
32	41	2
32	42	1
32	43	1
32	44	10
32	45	9
32	46	8
32	47	7
32	48	6
32	49	5
32	50	4
32	51	3
32	52	2
32	53	2
32	54	2
32	55	10
32	56	9
32	57	8
32	58	7
32	59	6
32	60	5
32	61	4
32	62	3
32	63	3
32	64	3
32	65	3
32	66	10
32	67	9
32	68	8
32	69	7
32	70	6
32	71	5
32	72	4
32	73	4
32	74	4
32	75	4
32	76	4
32	77	10
32	78	9
32	79	8
32	80	7
32	81	6
32	82	5
32	83	5
32	84	5
32	85	5
32	86	5
32	87	5
32	88	10
32	89	9
32	90	8
32	91	7
32	92	6
32	93	6
32	94	6
32	95	6
32	96	6
32	97	6
32	98	6
32	99	10
32	100	9
32	101	8
32	102	7
32	103	7
32	104	7
32	105	7
32	106	7
32	107	7
32	108	7
32	109	7
32	110	10
32	111	9
32	112	8
32	113	8
32	114	8
32	115	8
32	116	8
32	117	8
32	118	8
32	119	8
32	120	8
33	34	1
33	35	2
33	36	3
33	37	4
33	38	5
33	39	6
33	40	7
33	41	8
33	42	9
33	43	10
33	44	1
33	45	1
33	46	2
33	47	3
33	48	4
33	49	5
33	50	6
33	51	7
33	52	8
33	53	9
33	54	10
33	55	2
33	56	2
33	57	2
33	58	3
33	59	4
33	60	5
33	61	6
33	62	7
33	63	8
33	64	9
33	65	10
33	66	3
33	67	3
33	68	3
33	69	3
33	70	4
33	71	5
33	72	6
33	73	7
33	74	8
33	75	9
33	76	10
33	77	4
33	78	4
33	79	4
33	80	4
33	81	4
33	82	5
33	83	6
33	84	7
33	85	8
33	86	9
33	87	10
33	88	5
33	89	5
33	90	5
33	91	5
33	92	5
33	93	5
33	94	6
33	95	7
33	96	8
33	97	9
33	98	10
33	99	6
33	100	6
33	101	6
33	102	6
33	103	6
33	104	6
33	105	6
33	106	7
33	107	8
33	108	9
33	109	10
33	110	7
33	111	7
33	112	7
33	113	7
33	114	7
33	115	7
33	116	7
33	117	7
33	118	8
33	119	9
33	120	10
34	35	1
34	36	2
34	37	3
34	38	4
34	39	5
34	40	6
34	41	7
34	42	8
34	43	9
34	44	1
34	45	1
34	46	1
34	47	2
34	48	3
34	49	4
34	50	5
34	51	6
34	52	7
34	53	8
34	54	9
34	55	2
34	56	2
34	57	2
34	58	2
34	59	3
34	60	4
34	61	5
34	62	6
34	63	7
34	64	8
34	65	9
34	66	3
34	67	3
34	68	3
34	69	3
34	70	3
34	71	4
34	72	5
34	73	6
34	74	7
34	75	8
34	76	9
34	77	4
34	78	4
34	79	4
34	80	4
34	81	4
34	82	4
34	83	5
34	84	6
34	85	7
34	86	8
34	87	9
34	88	5
34	89	5
34	90	5
34	91	5
34	92	5
34	93	5
34	94	5
34	95	6
34	96	7
34	97	8
34	98	9
34	99	6
34	100	6
34	101	6
34	102	6
34	103	6
34	104	6
34	105	6
34	106	6
34	107	7
34	108	8
34	109	9
34	110	7
34	111	7
34	112	7
34	113	7
34	114	7
34	115	7
34	116	7
34	117	7
34	118	7
34	119	8
34	120	9
35	36	1
35	37	2
35	38	3
35	39	4
35	40	5
35	41	6
35	42	7
35	43	8
35	44	2
35	45	1
35	46	1
35	47	1
35	48	2
35	49	3
35	50	4
35	51	5
35	52	6
35	53	7
35	54	8
35	55	2
35	56	2
35	57	2
35	58	2
35	59	2
35	60	3
35	61	4
35	62	5
35	63	6
35	64	7
35	65	8
35	66	3
35	67	3
35	68	3
35	69	3
35	70	3
35	71	3
35	72	4
35	73	5
35	74	6
35	75	7
35	76	8
35	77	4
35	78	4
35	79	4
35	80	4
35	81	4
35	82	4
35	83	4
35	84	5
35	85	6
35	86	7
35	87	8
35	88	5
35	89	5
35	90	5
35	91	5
35	92	5
35	93	5
35	94	5
35	95	5
35	96	6
35	97	7
35	98	8
35	99	6
35	100	6
35	101	6
35	102	6
35	103	6
35	104	6
35	105	6
35	106	6
35	107	6
35	108	7
35	109	8
35	110	7
35	111	7
35	112	7
35	113	7
35	114	7
35	115	7
35	116	7
35	117	7
35	118	7
35	119	7
35	120	8
36	37	1
36	38	2
36	39	3
36	40	4
36	41	5
36	42	6
36	43	7
36	44	3
36	45	2
36	46	1
36	47	1
36	48	1
36	49	2
36	50	3
36	51	4
36	52	5
36	53	6
36	54	7
36	55	3
36	56	2
36	57	2
36	58	2
36	59	2
36	60	2
36	61	3
36	62	4
36	63	5
36	64	6
36	65	7
36	66	3
36	67	3
36	68	3
36	69	3
36	70	3
36	71	3
36	72	3
36	73	4
36	74	5
36	75	6
36	76	7
36	77	4
36	78	4
36	79	4
36	80	4
36	81	4
36	82	4
36	83	4
36	84	4
36	85	5
36	86	6
36	87	7
36	88	5
36	89	5
36	90	5
36	91	5
36	92	5
36	93	5
36	94	5
36	95	5
36	96	5
36	97	6
36	98	7
36	99	6
36	100	6
36	101	6
36	102	6
36	103	6
36	104	6
36	105	6
36	106	6
36	107	6
36	108	6
36	109	7
36	110	7
36	111	7
36	112	7
36	113	7
36	114	7
36	115	7
36	116	7
36	117	7
36	118	7
36	119	7
36	120	7
37	38	1
37	39	2
37	40	3
37	41	4
37	42	5
37	43	6
37	44	4
37	45	3
37	46	2
37	47	1
37	48	1
37	49	1
37	50	2
37	51	3
37	52	4
37	53	5
37	54	6
37	55	4
37	56	3
37	57	2
37	58	2
37	59	2
37	60	2
37	61	2
37	62	3
37	63	4
37	64	5
37	65	6
37	66	4
37	67	3
37	68	3
37	69	3
37	70	3
37	71	3
37	72	3
37	73	3
37	74	4
37	75	5
37	76	6
37	77	4
37	78	4
37	79	4
37	80	4
37	81	4
37	82	4
37	83	4
37	84	4
37	85	4
37	86	5
37	87	6
37	88	5
37	89	5
37	90	5
37	91	5
37	92	5
37	93	5
37	94	5
37	95	5
37	96	5
37	97	5
37	98	6
37	99	6
37	100	6
37	101	6
37	102	6
37	103	6
37	104	6
37	105	6
37	106	6
37	107	6
37	108	6
37	109	6
37	110	7
37	111	7
37	112	7
37	113	7
37	114	7
37	115	7
37	116	7
37	117	7
37	118	7
37	119	7
37	120	7
38	39	1
38	40	2
38	41	3
38	42	4
38	43	5
38	44	5
38	45	4
38	46	3
38	47	2
38	48	1
38	49	1
38	50	1
38	51	2
38	52	3
38	53	4
38	54	5
38	55	5
38	56	4
38	57	3
38	58	2
38	59	2
38	60	2
38	61	2
38	62	2
38	63	3
38	64	4
38	65	5
38	66	5
38	67	4
38	68	3
38	69	3
38	70	3
38	71	3
38	72	3
38	73	3
38	74	3
38	75	4
38	76	5
38	77	5
38	78	4
38	79	4
38	80	4
38	81	4
38	82	4
38	83	4
38	84	4
38	85	4
38	86	4
38	87	5
38	88	5
38	89	5
38	90	5
38	91	5
38	92	5
38	93	5
38	94	5
38	95	5
38	96	5
38	97	5
38	98	5
38	99	6
38	100	6
38	101	6
38	102	6
38	103	6
38	104	6
38	105	6
38	106	6
38	107	6
38	108	6
38	109	6
38	110	7
38	111	7
38	112	7
38	113	7
38	114	7
38	115	7
38	116	7
38	117	7
38	118	7
38	119	7
38	120	7
39	40	1
39	41	2
39	42	3
39	43	4
39	44	6
39	45	5
39	46	4
39	47	3
39	48	2
39	49	1
39	50	1
39	51	1
39	52	2
39	53	3
39	54	4
39	55	6
39	56	5
39	57	4
39	58	3
39	59	2
39	60	2
39	61	2
39	62	2
39	63	2
39	64	3
39	65	4
39	66	6
39	67	5
39	68	4
39	69	3
39	70	3
39	71	3
39	72	3
39	73	3
39	74	3
39	75	3
39	76	4
39	77	6
39	78	5
39	79	4
39	80	4
39	81	4
39	82	4
39	83	4
39	84	4
39	85	4
39	86	4
39	87	4
39	88	6
39	89	5
39	90	5
39	91	5
39	92	5
39	93	5
39	94	5
39	95	5
39	96	5
39	97	5
39	98	5
39	99	6
39	100	6
39	101	6
39	102	6
39	103	6
39	104	6
39	105	6
39	106	6
39	107	6
39	108	6
39	109	6
39	110	7
39	111	7
39	112	7
39	113	7
39	114	7
39	115	7
39	116	7
39	117	7
39	118	7
39	119	7
39	120	7
40	41	1
40	42	2
40	43	3
40	44	7
40	45	6
40	46	5
40	47	4
40	48	3
40	49	2
40	50	1
40	51	1
40	52	1
40	53	2
40	54	3
40	55	7
40	56	6
40	57	5
40	58	4
40	59	3
40	60	2
40	61	2
40	62	2
40	63	2
40	64	2
40	65	3
40	66	7
40	67	6
40	68	5
40	69	4
40	70	3
40	71	3
40	72	3
40	73	3
40	74	3
40	75	3
40	76	3
40	77	7
40	78	6
40	79	5
40	80	4
40	81	4
40	82	4
40	83	4
40	84	4
40	85	4
40	86	4
40	87	4
40	88	7
40	89	6
40	90	5
40	91	5
40	92	5
40	93	5
40	94	5
40	95	5
40	96	5
40	97	5
40	98	5
40	99	7
40	100	6
40	101	6
40	102	6
40	103	6
40	104	6
40	105	6
40	106	6
40	107	6
40	108	6
40	109	6
40	110	7
40	111	7
40	112	7
40	113	7
40	114	7
40	115	7
40	116	7
40	117	7
40	118	7
40	119	7
40	120	7
41	42	1
41	43	2
41	44	8
41	45	7
41	46	6
41	47	5
41	48	4
41	49	3
41	50	2
41	51	1
41	52	1
41	53	1
41	54	2
41	55	8
41	56	7
41	57	6
41	58	5
41	59	4
41	60	3
41	61	2
41	62	2
41	63	2
41	64	2
41	65	2
41	66	8
41	67	7
41	68	6
41	69	5
41	70	4
41	71	3
41	72	3
41	73	3
41	74	3
41	75	3
41	76	3
41	77	8
41	78	7
41	79	6
41	80	5
41	81	4
41	82	4
41	83	4
41	84	4
41	85	4
41	86	4
41	87	4
41	88	8
41	89	7
41	90	6
41	91	5
41	92	5
41	93	5
41	94	5
41	95	5
41	96	5
41	97	5
41	98	5
41	99	8
41	100	7
41	101	6
41	102	6
41	103	6
41	104	6
41	105	6
41	106	6
41	107	6
41	108	6
41	109	6
41	110	8
41	111	7
41	112	7
41	113	7
41	114	7
41	115	7
41	116	7
41	117	7
41	118	7
41	119	7
41	120	7
42	43	1
42	44	9
42	45	8
42	46	7
42	47	6
42	48	5
42	49	4
42	50	3
42	51	2
42	52	1
42	53	1
42	54	1
42	55	9
42	56	8
42	57	7
42	58	6
42	59	5
42	60	4
42	61	3
42	62	2
42	63	2
42	64	2
42	65	2
42	66	9
42	67	8
42	68	7
42	69	6
42	70	5
42	71	4
42	72	3
42	73	3
42	74	3
42	75	3
42	76	3
42	77	9
42	78	8
42	79	7
42	80	6
42	81	5
42	82	4
42	83	4
42	84	4
42	85	4
42	86	4
42	87	4
42	88	9
42	89	8
42	90	7
42	91	6
42	92	5
42	93	5
42	94	5
42	95	5
42	96	5
42	97	5
42	98	5
42	99	9
42	100	8
42	101	7
42	102	6
42	103	6
42	104	6
42	105	6
42	106	6
42	107	6
42	108	6
42	109	6
42	110	9
42	111	8
42	112	7
42	113	7
42	114	7
42	115	7
42	116	7
42	117	7
42	118	7
42	119	7
42	120	7
43	44	10
43	45	9
43	46	8
43	47	7
43	48	6
43	49	5
43	50	4
43	51	3
43	52	2
43	53	1
43	54	1
43	55	10
43	56	9
43	57	8
43	58	7
43	59	6
43	60	5
43	61	4
43	62	3
43	63	2
43	64	2
43	65	2
43	66	10
43	67	9
43	68	8
43	69	7
43	70	6
43	71	5
43	72	4
43	73	3
43	74	3
43	75	3
43	76	3
43	77	10
43	78	9
43	79	8
43	80	7
43	81	6
43	82	5
43	83	4
43	84	4
43	85	4
43	86	4
43	87	4
43	88	10
43	89	9
43	90	8
43	91	7
43	92	6
43	93	5
43	94	5
43	95	5
43	96	5
43	97	5
43	98	5
43	99	10
43	100	9
43	101	8
43	102	7
43	103	6
43	104	6
43	105	6
43	106	6
43	107	6
43	108	6
43	109	6
43	110	10
43	111	9
43	112	8
43	113	7
43	114	7
43	115	7
43	116	7
43	117	7
43	118	7
43	119	7
43	120	7
44	45	1
44	46	2
44	47	3
44	48	4
44	49	5
44	50	6
44	51	7
44	52	8
44	53	9
44	54	10
44	55	1
44	56	1
44	57	2
44	58	3
44	59	4
44	60	5
44	61	6
44	62	7
44	63	8
44	64	9
44	65	10
44	66	2
44	67	2
44	68	2
44	69	3
44	70	4
44	71	5
44	72	6
44	73	7
44	74	8
44	75	9
44	76	10
44	77	3
44	78	3
44	79	3
44	80	3
44	81	4
44	82	5
44	83	6
44	84	7
44	85	8
44	86	9
44	87	10
44	88	4
44	89	4
44	90	4
44	91	4
44	92	4
44	93	5
44	94	6
44	95	7
44	96	8
44	97	9
44	98	10
44	99	5
44	100	5
44	101	5
44	102	5
44	103	5
44	104	5
44	105	6
44	106	7
44	107	8
44	108	9
44	109	10
44	110	6
44	111	6
44	112	6
44	113	6
44	114	6
44	115	6
44	116	6
44	117	7
44	118	8
44	119	9
44	120	10
45	46	1
45	47	2
45	48	3
45	49	4
45	50	5
45	51	6
45	52	7
45	53	8
45	54	9
45	55	1
45	56	1
45	57	1
45	58	2
45	59	3
45	60	4
45	61	5
45	62	6
45	63	7
45	64	8
45	65	9
45	66	2
45	67	2
45	68	2
45	69	2
45	70	3
45	71	4
45	72	5
45	73	6
45	74	7
45	75	8
45	76	9
45	77	3
45	78	3
45	79	3
45	80	3
45	81	3
45	82	4
45	83	5
45	84	6
45	85	7
45	86	8
45	87	9
45	88	4
45	89	4
45	90	4
45	91	4
45	92	4
45	93	4
45	94	5
45	95	6
45	96	7
45	97	8
45	98	9
45	99	5
45	100	5
45	101	5
45	102	5
45	103	5
45	104	5
45	105	5
45	106	6
45	107	7
45	108	8
45	109	9
45	110	6
45	111	6
45	112	6
45	113	6
45	114	6
45	115	6
45	116	6
45	117	6
45	118	7
45	119	8
45	120	9
46	47	1
46	48	2
46	49	3
46	50	4
46	51	5
46	52	6
46	53	7
46	54	8
46	55	2
46	56	1
46	57	1
46	58	1
46	59	2
46	60	3
46	61	4
46	62	5
46	63	6
46	64	7
46	65	8
46	66	2
46	67	2
46	68	2
46	69	2
46	70	2
46	71	3
46	72	4
46	73	5
46	74	6
46	75	7
46	76	8
46	77	3
46	78	3
46	79	3
46	80	3
46	81	3
46	82	3
46	83	4
46	84	5
46	85	6
46	86	7
46	87	8
46	88	4
46	89	4
46	90	4
46	91	4
46	92	4
46	93	4
46	94	4
46	95	5
46	96	6
46	97	7
46	98	8
46	99	5
46	100	5
46	101	5
46	102	5
46	103	5
46	104	5
46	105	5
46	106	5
46	107	6
46	108	7
46	109	8
46	110	6
46	111	6
46	112	6
46	113	6
46	114	6
46	115	6
46	116	6
46	117	6
46	118	6
46	119	7
46	120	8
47	48	1
47	49	2
47	50	3
47	51	4
47	52	5
47	53	6
47	54	7
47	55	3
47	56	2
47	57	1
47	58	1
47	59	1
47	60	2
47	61	3
47	62	4
47	63	5
47	64	6
47	65	7
47	66	3
47	67	2
47	68	2
47	69	2
47	70	2
47	71	2
47	72	3
47	73	4
47	74	5
47	75	6
47	76	7
47	77	3
47	78	3
47	79	3
47	80	3
47	81	3
47	82	3
47	83	3
47	84	4
47	85	5
47	86	6
47	87	7
47	88	4
47	89	4
47	90	4
47	91	4
47	92	4
47	93	4
47	94	4
47	95	4
47	96	5
47	97	6
47	98	7
47	99	5
47	100	5
47	101	5
47	102	5
47	103	5
47	104	5
47	105	5
47	106	5
47	107	5
47	108	6
47	109	7
47	110	6
47	111	6
47	112	6
47	113	6
47	114	6
47	115	6
47	116	6
47	117	6
47	118	6
47	119	6
47	120	7
48	49	1
48	50	2
48	51	3
48	52	4
48	53	5
48	54	6
48	55	4
48	56	3
48	57	2
48	58	1
48	59	1
48	60	1
48	61	2
48	62	3
48	63	4
48	64	5
48	65	6
48	66	4
48	67	3
48	68	2
48	69	2
48	70	2
48	71	2
48	72	2
48	73	3
48	74	4
48	75	5
48	76	6
48	77	4
48	78	3
48	79	3
48	80	3
48	81	3
48	82	3
48	83	3
48	84	3
48	85	4
48	86	5
48	87	6
48	88	4
48	89	4
48	90	4
48	91	4
48	92	4
48	93	4
48	94	4
48	95	4
48	96	4
48	97	5
48	98	6
48	99	5
48	100	5
48	101	5
48	102	5
48	103	5
48	104	5
48	105	5
48	106	5
48	107	5
48	108	5
48	109	6
48	110	6
48	111	6
48	112	6
48	113	6
48	114	6
48	115	6
48	116	6
48	117	6
48	118	6
48	119	6
48	120	6
49	50	1
49	51	2
49	52	3
49	53	4
49	54	5
49	55	5
49	56	4
49	57	3
49	58	2
49	59	1
49	60	1
49	61	1
49	62	2
49	63	3
49	64	4
49	65	5
49	66	5
49	67	4
49	68	3
49	69	2
49	70	2
49	71	2
49	72	2
49	73	2
49	74	3
49	75	4
49	76	5
49	77	5
49	78	4
49	79	3
49	80	3
49	81	3
49	82	3
49	83	3
49	84	3
49	85	3
49	86	4
49	87	5
49	88	5
49	89	4
49	90	4
49	91	4
49	92	4
49	93	4
49	94	4
49	95	4
49	96	4
49	97	4
49	98	5
49	99	5
49	100	5
49	101	5
49	102	5
49	103	5
49	104	5
49	105	5
49	106	5
49	107	5
49	108	5
49	109	5
49	110	6
49	111	6
49	112	6
49	113	6
49	114	6
49	115	6
49	116	6
49	117	6
49	118	6
49	119	6
49	120	6
50	51	1
50	52	2
50	53	3
50	54	4
50	55	6
50	56	5
50	57	4
50	58	3
50	59	2
50	60	1
50	61	1
50	62	1
50	63	2
50	64	3
50	65	4
50	66	6
50	67	5
50	68	4
50	69	3
50	70	2
50	71	2
50	72	2
50	73	2
50	74	2
50	75	3
50	76	4
50	77	6
50	78	5
50	79	4
50	80	3
50	81	3
50	82	3
50	83	3
50	84	3
50	85	3
50	86	3
50	87	4
50	88	6
50	89	5
50	90	4
50	91	4
50	92	4
50	93	4
50	94	4
50	95	4
50	96	4
50	97	4
50	98	4
50	99	6
50	100	5
50	101	5
50	102	5
50	103	5
50	104	5
50	105	5
50	106	5
50	107	5
50	108	5
50	109	5
50	110	6
50	111	6
50	112	6
50	113	6
50	114	6
50	115	6
50	116	6
50	117	6
50	118	6
50	119	6
50	120	6
51	52	1
51	53	2
51	54	3
51	55	7
51	56	6
51	57	5
51	58	4
51	59	3
51	60	2
51	61	1
51	62	1
51	63	1
51	64	2
51	65	3
51	66	7
51	67	6
51	68	5
51	69	4
51	70	3
51	71	2
51	72	2
51	73	2
51	74	2
51	75	2
51	76	3
51	77	7
51	78	6
51	79	5
51	80	4
51	81	3
51	82	3
51	83	3
51	84	3
51	85	3
51	86	3
51	87	3
51	88	7
51	89	6
51	90	5
51	91	4
51	92	4
51	93	4
51	94	4
51	95	4
51	96	4
51	97	4
51	98	4
51	99	7
51	100	6
51	101	5
51	102	5
51	103	5
51	104	5
51	105	5
51	106	5
51	107	5
51	108	5
51	109	5
51	110	7
51	111	6
51	112	6
51	113	6
51	114	6
51	115	6
51	116	6
51	117	6
51	118	6
51	119	6
51	120	6
52	53	1
52	54	2
52	55	8
52	56	7
52	57	6
52	58	5
52	59	4
52	60	3
52	61	2
52	62	1
52	63	1
52	64	1
52	65	2
52	66	8
52	67	7
52	68	6
52	69	5
52	70	4
52	71	3
52	72	2
52	73	2
52	74	2
52	75	2
52	76	2
52	77	8
52	78	7
52	79	6
52	80	5
52	81	4
52	82	3
52	83	3
52	84	3
52	85	3
52	86	3
52	87	3
52	88	8
52	89	7
52	90	6
52	91	5
52	92	4
52	93	4
52	94	4
52	95	4
52	96	4
52	97	4
52	98	4
52	99	8
52	100	7
52	101	6
52	102	5
52	103	5
52	104	5
52	105	5
52	106	5
52	107	5
52	108	5
52	109	5
52	110	8
52	111	7
52	112	6
52	113	6
52	114	6
52	115	6
52	116	6
52	117	6
52	118	6
52	119	6
52	120	6
53	54	1
53	55	9
53	56	8
53	57	7
53	58	6
53	59	5
53	60	4
53	61	3
53	62	2
53	63	1
53	64	1
53	65	1
53	66	9
53	67	8
53	68	7
53	69	6
53	70	5
53	71	4
53	72	3
53	73	2
53	74	2
53	75	2
53	76	2
53	77	9
53	78	8
53	79	7
53	80	6
53	81	5
53	82	4
53	83	3
53	84	3
53	85	3
53	86	3
53	87	3
53	88	9
53	89	8
53	90	7
53	91	6
53	92	5
53	93	4
53	94	4
53	95	4
53	96	4
53	97	4
53	98	4
53	99	9
53	100	8
53	101	7
53	102	6
53	103	5
53	104	5
53	105	5
53	106	5
53	107	5
53	108	5
53	109	5
53	110	9
53	111	8
53	112	7
53	113	6
53	114	6
53	115	6
53	116	6
53	117	6
53	118	6
53	119	6
53	120	6
54	55	10
54	56	9
54	57	8
54	58	7
54	59	6
54	60	5
54	61	4
54	62	3
54	63	2
54	64	1
54	65	1
54	66	10
54	67	9
54	68	8
54	69	7
54	70	6
54	71	5
54	72	4
54	73	3
54	74	2
54	75	2
54	76	2
54	77	10
54	78	9
54	79	8
54	80	7
54	81	6
54	82	5
54	83	4
54	84	3
54	85	3
54	86	3
54	87	3
54	88	10
54	89	9
54	90	8
54	91	7
54	92	6
54	93	5
54	94	4
54	95	4
54	96	4
54	97	4
54	98	4
54	99	10
54	100	9
54	101	8
54	102	7
54	103	6
54	104	5
54	105	5
54	106	5
54	107	5
54	108	5
54	109	5
54	110	10
54	111	9
54	112	8
54	113	7
54	114	6
54	115	6
54	116	6
54	117	6
54	118	6
54	119	6
54	120	6
55	56	1
55	57	2
55	58	3
55	59	4
55	60	5
55	61	6
55	62	7
55	63	8
55	64	9
55	65	10
55	66	1
55	67	1
55	68	2
55	69	3
55	70	4
55	71	5
55	72	6
55	73	7
55	74	8
55	75	9
55	76	10
55	77	2
55	78	2
55	79	2
55	80	3
55	81	4
55	82	5
55	83	6
55	84	7
55	85	8
55	86	9
55	87	10
55	88	3
55	89	3
55	90	3
55	91	3
55	92	4
55	93	5
55	94	6
55	95	7
55	96	8
55	97	9
55	98	10
55	99	4
55	100	4
55	101	4
55	102	4
55	103	4
55	104	5
55	105	6
55	106	7
55	107	8
55	108	9
55	109	10
55	110	5
55	111	5
55	112	5
55	113	5
55	114	5
55	115	5
55	116	6
55	117	7
55	118	8
55	119	9
55	120	10
56	57	1
56	58	2
56	59	3
56	60	4
56	61	5
56	62	6
56	63	7
56	64	8
56	65	9
56	66	1
56	67	1
56	68	1
56	69	2
56	70	3
56	71	4
56	72	5
56	73	6
56	74	7
56	75	8
56	76	9
56	77	2
56	78	2
56	79	2
56	80	2
56	81	3
56	82	4
56	83	5
56	84	6
56	85	7
56	86	8
56	87	9
56	88	3
56	89	3
56	90	3
56	91	3
56	92	3
56	93	4
56	94	5
56	95	6
56	96	7
56	97	8
56	98	9
56	99	4
56	100	4
56	101	4
56	102	4
56	103	4
56	104	4
56	105	5
56	106	6
56	107	7
56	108	8
56	109	9
56	110	5
56	111	5
56	112	5
56	113	5
56	114	5
56	115	5
56	116	5
56	117	6
56	118	7
56	119	8
56	120	9
57	58	1
57	59	2
57	60	3
57	61	4
57	62	5
57	63	6
57	64	7
57	65	8
57	66	2
57	67	1
57	68	1
57	69	1
57	70	2
57	71	3
57	72	4
57	73	5
57	74	6
57	75	7
57	76	8
57	77	2
57	78	2
57	79	2
57	80	2
57	81	2
57	82	3
57	83	4
57	84	5
57	85	6
57	86	7
57	87	8
57	88	3
57	89	3
57	90	3
57	91	3
57	92	3
57	93	3
57	94	4
57	95	5
57	96	6
57	97	7
57	98	8
57	99	4
57	100	4
57	101	4
57	102	4
57	103	4
57	104	4
57	105	4
57	106	5
57	107	6
57	108	7
57	109	8
57	110	5
57	111	5
57	112	5
57	113	5
57	114	5
57	115	5
57	116	5
57	117	5
57	118	6
57	119	7
57	120	8
58	59	1
58	60	2
58	61	3
58	62	4
58	63	5
58	64	6
58	65	7
58	66	3
58	67	2
58	68	1
58	69	1
58	70	1
58	71	2
58	72	3
58	73	4
58	74	5
58	75	6
58	76	7
58	77	3
58	78	2
58	79	2
58	80	2
58	81	2
58	82	2
58	83	3
58	84	4
58	85	5
58	86	6
58	87	7
58	88	3
58	89	3
58	90	3
58	91	3
58	92	3
58	93	3
58	94	3
58	95	4
58	96	5
58	97	6
58	98	7
58	99	4
58	100	4
58	101	4
58	102	4
58	103	4
58	104	4
58	105	4
58	106	4
58	107	5
58	108	6
58	109	7
58	110	5
58	111	5
58	112	5
58	113	5
58	114	5
58	115	5
58	116	5
58	117	5
58	118	5
58	119	6
58	120	7
59	60	1
59	61	2
59	62	3
59	63	4
59	64	5
59	65	6
59	66	4
59	67	3
59	68	2
59	69	1
59	70	1
59	71	1
59	72	2
59	73	3
59	74	4
59	75	5
59	76	6
59	77	4
59	78	3
59	79	2
59	80	2
59	81	2
59	82	2
59	83	2
59	84	3
59	85	4
59	86	5
59	87	6
59	88	4
59	89	3
59	90	3
59	91	3
59	92	3
59	93	3
59	94	3
59	95	3
59	96	4
59	97	5
59	98	6
59	99	4
59	100	4
59	101	4
59	102	4
59	103	4
59	104	4
59	105	4
59	106	4
59	107	4
59	108	5
59	109	6
59	110	5
59	111	5
59	112	5
59	113	5
59	114	5
59	115	5
59	116	5
59	117	5
59	118	5
59	119	5
59	120	6
60	61	1
60	62	2
60	63	3
60	64	4
60	65	5
60	66	5
60	67	4
60	68	3
60	69	2
60	70	1
60	71	1
60	72	1
60	73	2
60	74	3
60	75	4
60	76	5
60	77	5
60	78	4
60	79	3
60	80	2
60	81	2
60	82	2
60	83	2
60	84	2
60	85	3
60	86	4
60	87	5
60	88	5
60	89	4
60	90	3
60	91	3
60	92	3
60	93	3
60	94	3
60	95	3
60	96	3
60	97	4
60	98	5
60	99	5
60	100	4
60	101	4
60	102	4
60	103	4
60	104	4
60	105	4
60	106	4
60	107	4
60	108	4
60	109	5
60	110	5
60	111	5
60	112	5
60	113	5
60	114	5
60	115	5
60	116	5
60	117	5
60	118	5
60	119	5
60	120	5
61	62	1
61	63	2
61	64	3
61	65	4
61	66	6
61	67	5
61	68	4
61	69	3
61	70	2
61	71	1
61	72	1
61	73	1
61	74	2
61	75	3
61	76	4
61	77	6
61	78	5
61	79	4
61	80	3
61	81	2
61	82	2
61	83	2
61	84	2
61	85	2
61	86	3
61	87	4
61	88	6
61	89	5
61	90	4
61	91	3
61	92	3
61	93	3
61	94	3
61	95	3
61	96	3
61	97	3
61	98	4
61	99	6
61	100	5
61	101	4
61	102	4
61	103	4
61	104	4
61	105	4
61	106	4
61	107	4
61	108	4
61	109	4
61	110	6
61	111	5
61	112	5
61	113	5
61	114	5
61	115	5
61	116	5
61	117	5
61	118	5
61	119	5
61	120	5
62	63	1
62	64	2
62	65	3
62	66	7
62	67	6
62	68	5
62	69	4
62	70	3
62	71	2
62	72	1
62	73	1
62	74	1
62	75	2
62	76	3
62	77	7
62	78	6
62	79	5
62	80	4
62	81	3
62	82	2
62	83	2
62	84	2
62	85	2
62	86	2
62	87	3
62	88	7
62	89	6
62	90	5
62	91	4
62	92	3
62	93	3
62	94	3
62	95	3
62	96	3
62	97	3
62	98	3
62	99	7
62	100	6
62	101	5
62	102	4
62	103	4
62	104	4
62	105	4
62	106	4
62	107	4
62	108	4
62	109	4
62	110	7
62	111	6
62	112	5
62	113	5
62	114	5
62	115	5
62	116	5
62	117	5
62	118	5
62	119	5
62	120	5
63	64	1
63	65	2
63	66	8
63	67	7
63	68	6
63	69	5
63	70	4
63	71	3
63	72	2
63	73	1
63	74	1
63	75	1
63	76	2
63	77	8
63	78	7
63	79	6
63	80	5
63	81	4
63	82	3
63	83	2
63	84	2
63	85	2
63	86	2
63	87	2
63	88	8
63	89	7
63	90	6
63	91	5
63	92	4
63	93	3
63	94	3
63	95	3
63	96	3
63	97	3
63	98	3
63	99	8
63	100	7
63	101	6
63	102	5
63	103	4
63	104	4
63	105	4
63	106	4
63	107	4
63	108	4
63	109	4
63	110	8
63	111	7
63	112	6
63	113	5
63	114	5
63	115	5
63	116	5
63	117	5
63	118	5
63	119	5
63	120	5
64	65	1
64	66	9
64	67	8
64	68	7
64	69	6
64	70	5
64	71	4
64	72	3
64	73	2
64	74	1
64	75	1
64	76	1
64	77	9
64	78	8
64	79	7
64	80	6
64	81	5
64	82	4
64	83	3
64	84	2
64	85	2
64	86	2
64	87	2
64	88	9
64	89	8
64	90	7
64	91	6
64	92	5
64	93	4
64	94	3
64	95	3
64	96	3
64	97	3
64	98	3
64	99	9
64	100	8
64	101	7
64	102	6
64	103	5
64	104	4
64	105	4
64	106	4
64	107	4
64	108	4
64	109	4
64	110	9
64	111	8
64	112	7
64	113	6
64	114	5
64	115	5
64	116	5
64	117	5
64	118	5
64	119	5
64	120	5
65	66	10
65	67	9
65	68	8
65	69	7
65	70	6
65	71	5
65	72	4
65	73	3
65	74	2
65	75	1
65	76	1
65	77	10
65	78	9
65	79	8
65	80	7
65	81	6
65	82	5
65	83	4
65	84	3
65	85	2
65	86	2
65	87	2
65	88	10
65	89	9
65	90	8
65	91	7
65	92	6
65	93	5
65	94	4
65	95	3
65	96	3
65	97	3
65	98	3
65	99	10
65	100	9
65	101	8
65	102	7
65	103	6
65	104	5
65	105	4
65	106	4
65	107	4
65	108	4
65	109	4
65	110	10
65	111	9
65	112	8
65	113	7
65	114	6
65	115	5
65	116	5
65	117	5
65	118	5
65	119	5
65	120	5
66	67	1
66	68	2
66	69	3
66	70	4
66	71	5
66	72	6
66	73	7
66	74	8
66	75	9
66	76	10
66	77	1
66	78	1
66	79	2
66	80	3
66	81	4
66	82	5
66	83	6
66	84	7
66	85	8
66	86	9
66	87	10
66	88	2
66	89	2
66	90	2
66	91	3
66	92	4
66	93	5
66	94	6
66	95	7
66	96	8
66	97	9
66	98	10
66	99	3
66	100	3
66	101	3
66	102	3
66	103	4
66	104	5
66	105	6
66	106	7
66	107	8
66	108	9
66	109	10
66	110	4
66	111	4
66	112	4
66	113	4
66	114	4
66	115	5
66	116	6
66	117	7
66	118	8
66	119	9
66	120	10
67	68	1
67	69	2
67	70	3
67	71	4
67	72	5
67	73	6
67	74	7
67	75	8
67	76	9
67	77	1
67	78	1
67	79	1
67	80	2
67	81	3
67	82	4
67	83	5
67	84	6
67	85	7
67	86	8
67	87	9
67	88	2
67	89	2
67	90	2
67	91	2
67	92	3
67	93	4
67	94	5
67	95	6
67	96	7
67	97	8
67	98	9
67	99	3
67	100	3
67	101	3
67	102	3
67	103	3
67	104	4
67	105	5
67	106	6
67	107	7
67	108	8
67	109	9
67	110	4
67	111	4
67	112	4
67	113	4
67	114	4
67	115	4
67	116	5
67	117	6
67	118	7
67	119	8
67	120	9
68	69	1
68	70	2
68	71	3
68	72	4
68	73	5
68	74	6
68	75	7
68	76	8
68	77	2
68	78	1
68	79	1
68	80	1
68	81	2
68	82	3
68	83	4
68	84	5
68	85	6
68	86	7
68	87	8
68	88	2
68	89	2
68	90	2
68	91	2
68	92	2
68	93	3
68	94	4
68	95	5
68	96	6
68	97	7
68	98	8
68	99	3
68	100	3
68	101	3
68	102	3
68	103	3
68	104	3
68	105	4
68	106	5
68	107	6
68	108	7
68	109	8
68	110	4
68	111	4
68	112	4
68	113	4
68	114	4
68	115	4
68	116	4
68	117	5
68	118	6
68	119	7
68	120	8
69	70	1
69	71	2
69	72	3
69	73	4
69	74	5
69	75	6
69	76	7
69	77	3
69	78	2
69	79	1
69	80	1
69	81	1
69	82	2
69	83	3
69	84	4
69	85	5
69	86	6
69	87	7
69	88	3
69	89	2
69	90	2
69	91	2
69	92	2
69	93	2
69	94	3
69	95	4
69	96	5
69	97	6
69	98	7
69	99	3
69	100	3
69	101	3
69	102	3
69	103	3
69	104	3
69	105	3
69	106	4
69	107	5
69	108	6
69	109	7
69	110	4
69	111	4
69	112	4
69	113	4
69	114	4
69	115	4
69	116	4
69	117	4
69	118	5
69	119	6
69	120	7
70	71	1
70	72	2
70	73	3
70	74	4
70	75	5
70	76	6
70	77	4
70	78	3
70	79	2
70	80	1
70	81	1
70	82	1
70	83	2
70	84	3
70	85	4
70	86	5
70	87	6
70	88	4
70	89	3
70	90	2
70	91	2
70	92	2
70	93	2
70	94	2
70	95	3
70	96	4
70	97	5
70	98	6
70	99	4
70	100	3
70	101	3
70	102	3
70	103	3
70	104	3
70	105	3
70	106	3
70	107	4
70	108	5
70	109	6
70	110	4
70	111	4
70	112	4
70	113	4
70	114	4
70	115	4
70	116	4
70	117	4
70	118	4
70	119	5
70	120	6
71	72	1
71	73	2
71	74	3
71	75	4
71	76	5
71	77	5
71	78	4
71	79	3
71	80	2
71	81	1
71	82	1
71	83	1
71	84	2
71	85	3
71	86	4
71	87	5
71	88	5
71	89	4
71	90	3
71	91	2
71	92	2
71	93	2
71	94	2
71	95	2
71	96	3
71	97	4
71	98	5
71	99	5
71	100	4
71	101	3
71	102	3
71	103	3
71	104	3
71	105	3
71	106	3
71	107	3
71	108	4
71	109	5
71	110	5
71	111	4
71	112	4
71	113	4
71	114	4
71	115	4
71	116	4
71	117	4
71	118	4
71	119	4
71	120	5
72	73	1
72	74	2
72	75	3
72	76	4
72	77	6
72	78	5
72	79	4
72	80	3
72	81	2
72	82	1
72	83	1
72	84	1
72	85	2
72	86	3
72	87	4
72	88	6
72	89	5
72	90	4
72	91	3
72	92	2
72	93	2
72	94	2
72	95	2
72	96	2
72	97	3
72	98	4
72	99	6
72	100	5
72	101	4
72	102	3
72	103	3
72	104	3
72	105	3
72	106	3
72	107	3
72	108	3
72	109	4
72	110	6
72	111	5
72	112	4
72	113	4
72	114	4
72	115	4
72	116	4
72	117	4
72	118	4
72	119	4
72	120	4
73	74	1
73	75	2
73	76	3
73	77	7
73	78	6
73	79	5
73	80	4
73	81	3
73	82	2
73	83	1
73	84	1
73	85	1
73	86	2
73	87	3
73	88	7
73	89	6
73	90	5
73	91	4
73	92	3
73	93	2
73	94	2
73	95	2
73	96	2
73	97	2
73	98	3
73	99	7
73	100	6
73	101	5
73	102	4
73	103	3
73	104	3
73	105	3
73	106	3
73	107	3
73	108	3
73	109	3
73	110	7
73	111	6
73	112	5
73	113	4
73	114	4
73	115	4
73	116	4
73	117	4
73	118	4
73	119	4
73	120	4
74	75	1
74	76	2
74	77	8
74	78	7
74	79	6
74	80	5
74	81	4
74	82	3
74	83	2
74	84	1
74	85	1
74	86	1
74	87	2
74	88	8
74	89	7
74	90	6
74	91	5
74	92	4
74	93	3
74	94	2
74	95	2
74	96	2
74	97	2
74	98	2
74	99	8
74	100	7
74	101	6
74	102	5
74	103	4
74	104	3
74	105	3
74	106	3
74	107	3
74	108	3
74	109	3
74	110	8
74	111	7
74	112	6
74	113	5
74	114	4
74	115	4
74	116	4
74	117	4
74	118	4
74	119	4
74	120	4
75	76	1
75	77	9
75	78	8
75	79	7
75	80	6
75	81	5
75	82	4
75	83	3
75	84	2
75	85	1
75	86	1
75	87	1
75	88	9
75	89	8
75	90	7
75	91	6
75	92	5
75	93	4
75	94	3
75	95	2
75	96	2
75	97	2
75	98	2
75	99	9
75	100	8
75	101	7
75	102	6
75	103	5
75	104	4
75	105	3
75	106	3
75	107	3
75	108	3
75	109	3
75	110	9
75	111	8
75	112	7
75	113	6
75	114	5
75	115	4
75	116	4
75	117	4
75	118	4
75	119	4
75	120	4
76	77	10
76	78	9
76	79	8
76	80	7
76	81	6
76	82	5
76	83	4
76	84	3
76	85	2
76	86	1
76	87	1
76	88	10
76	89	9
76	90	8
76	91	7
76	92	6
76	93	5
76	94	4
76	95	3
76	96	2
76	97	2
76	98	2
76	99	10
76	100	9
76	101	8
76	102	7
76	103	6
76	104	5
76	105	4
76	106	3
76	107	3
76	108	3
76	109	3
76	110	10
76	111	9
76	112	8
76	113	7
76	114	6
76	115	5
76	116	4
76	117	4
76	118	4
76	119	4
76	120	4
77	78	1
77	79	2
77	80	3
77	81	4
77	82	5
77	83	6
77	84	7
77	85	8
77	86	9
77	87	10
77	88	1
77	89	1
77	90	2
77	91	3
77	92	4
77	93	5
77	94	6
77	95	7
77	96	8
77	97	9
77	98	10
77	99	2
77	100	2
77	101	2
77	102	3
77	103	4
77	104	5
77	105	6
77	106	7
77	107	8
77	108	9
77	109	10
77	110	3
77	111	3
77	112	3
77	113	3
77	114	4
77	115	5
77	116	6
77	117	7
77	118	8
77	119	9
77	120	10
78	79	1
78	80	2
78	81	3
78	82	4
78	83	5
78	84	6
78	85	7
78	86	8
78	87	9
78	88	1
78	89	1
78	90	1
78	91	2
78	92	3
78	93	4
78	94	5
78	95	6
78	96	7
78	97	8
78	98	9
78	99	2
78	100	2
78	101	2
78	102	2
78	103	3
78	104	4
78	105	5
78	106	6
78	107	7
78	108	8
78	109	9
78	110	3
78	111	3
78	112	3
78	113	3
78	114	3
78	115	4
78	116	5
78	117	6
78	118	7
78	119	8
78	120	9
79	80	1
79	81	2
79	82	3
79	83	4
79	84	5
79	85	6
79	86	7
79	87	8
79	88	2
79	89	1
79	90	1
79	91	1
79	92	2
79	93	3
79	94	4
79	95	5
79	96	6
79	97	7
79	98	8
79	99	2
79	100	2
79	101	2
79	102	2
79	103	2
79	104	3
79	105	4
79	106	5
79	107	6
79	108	7
79	109	8
79	110	3
79	111	3
79	112	3
79	113	3
79	114	3
79	115	3
79	116	4
79	117	5
79	118	6
79	119	7
79	120	8
80	81	1
80	82	2
80	83	3
80	84	4
80	85	5
80	86	6
80	87	7
80	88	3
80	89	2
80	90	1
80	91	1
80	92	1
80	93	2
80	94	3
80	95	4
80	96	5
80	97	6
80	98	7
80	99	3
80	100	2
80	101	2
80	102	2
80	103	2
80	104	2
80	105	3
80	106	4
80	107	5
80	108	6
80	109	7
80	110	3
80	111	3
80	112	3
80	113	3
80	114	3
80	115	3
80	116	3
80	117	4
80	118	5
80	119	6
80	120	7
81	82	1
81	83	2
81	84	3
81	85	4
81	86	5
81	87	6
81	88	4
81	89	3
81	90	2
81	91	1
81	92	1
81	93	1
81	94	2
81	95	3
81	96	4
81	97	5
81	98	6
81	99	4
81	100	3
81	101	2
81	102	2
81	103	2
81	104	2
81	105	2
81	106	3
81	107	4
81	108	5
81	109	6
81	110	4
81	111	3
81	112	3
81	113	3
81	114	3
81	115	3
81	116	3
81	117	3
81	118	4
81	119	5
81	120	6
82	83	1
82	84	2
82	85	3
82	86	4
82	87	5
82	88	5
82	89	4
82	90	3
82	91	2
82	92	1
82	93	1
82	94	1
82	95	2
82	96	3
82	97	4
82	98	5
82	99	5
82	100	4
82	101	3
82	102	2
82	103	2
82	104	2
82	105	2
82	106	2
82	107	3
82	108	4
82	109	5
82	110	5
82	111	4
82	112	3
82	113	3
82	114	3
82	115	3
82	116	3
82	117	3
82	118	3
82	119	4
82	120	5
83	84	1
83	85	2
83	86	3
83	87	4
83	88	6
83	89	5
83	90	4
83	91	3
83	92	2
83	93	1
83	94	1
83	95	1
83	96	2
83	97	3
83	98	4
83	99	6
83	100	5
83	101	4
83	102	3
83	103	2
83	104	2
83	105	2
83	106	2
83	107	2
83	108	3
83	109	4
83	110	6
83	111	5
83	112	4
83	113	3
83	114	3
83	115	3
83	116	3
83	117	3
83	118	3
83	119	3
83	120	4
84	85	1
84	86	2
84	87	3
84	88	7
84	89	6
84	90	5
84	91	4
84	92	3
84	93	2
84	94	1
84	95	1
84	96	1
84	97	2
84	98	3
84	99	7
84	100	6
84	101	5
84	102	4
84	103	3
84	104	2
84	105	2
84	106	2
84	107	2
84	108	2
84	109	3
84	110	7
84	111	6
84	112	5
84	113	4
84	114	3
84	115	3
84	116	3
84	117	3
84	118	3
84	119	3
84	120	3
85	86	1
85	87	2
85	88	8
85	89	7
85	90	6
85	91	5
85	92	4
85	93	3
85	94	2
85	95	1
85	96	1
85	97	1
85	98	2
85	99	8
85	100	7
85	101	6
85	102	5
85	103	4
85	104	3
85	105	2
85	106	2
85	107	2
85	108	2
85	109	2
85	110	8
85	111	7
85	112	6
85	113	5
85	114	4
85	115	3
85	116	3
85	117	3
85	118	3
85	119	3
85	120	3
86	87	1
86	88	9
86	89	8
86	90	7
86	91	6
86	92	5
86	93	4
86	94	3
86	95	2
86	96	1
86	97	1
86	98	1
86	99	9
86	100	8
86	101	7
86	102	6
86	103	5
86	104	4
86	105	3
86	106	2
86	107	2
86	108	2
86	109	2
86	110	9
86	111	8
86	112	7
86	113	6
86	114	5
86	115	4
86	116	3
86	117	3
86	118	3
86	119	3
86	120	3
87	88	10
87	89	9
87	90	8
87	91	7
87	92	6
87	93	5
87	94	4
87	95	3
87	96	2
87	97	1
87	98	1
87	99	10
87	100	9
87	101	8
87	102	7
87	103	6
87	104	5
87	105	4
87	106	3
87	107	2
87	108	2
87	109	2
87	110	10
87	111	9
87	112	8
87	113	7
87	114	6
87	115	5
87	116	4
87	117	3
87	118	3
87	119	3
87	120	3
88	89	1
88	90	2
88	91	3
88	92	4
88	93	5
88	94	6
88	95	7
88	96	8
88	97	9
88	98	10
88	99	1
88	100	1
88	101	2
88	102	3
88	103	4
88	104	5
88	105	6
88	106	7
88	107	8
88	108	9
88	109	10
88	110	2
88	111	2
88	112	2
88	113	3
88	114	4
88	115	5
88	116	6
88	117	7
88	118	8
88	119	9
88	120	10
89	90	1
89	91	2
89	92	3
89	93	4
89	94	5
89	95	6
89	96	7
89	97	8
89	98	9
89	99	1
89	100	1
89	101	1
89	102	2
89	103	3
89	104	4
89	105	5
89	106	6
89	107	7
89	108	8
89	109	9
89	110	2
89	111	2
89	112	2
89	113	2
89	114	3
89	115	4
89	116	5
89	117	6
89	118	7
89	119	8
89	120	9
90	91	1
90	92	2
90	93	3
90	94	4
90	95	5
90	96	6
90	97	7
90	98	8
90	99	2
90	100	1
90	101	1
90	102	1
90	103	2
90	104	3
90	105	4
90	106	5
90	107	6
90	108	7
90	109	8
90	110	2
90	111	2
90	112	2
90	113	2
90	114	2
90	115	3
90	116	4
90	117	5
90	118	6
90	119	7
90	120	8
91	92	1
91	93	2
91	94	3
91	95	4
91	96	5
91	97	6
91	98	7
91	99	3
91	100	2
91	101	1
91	102	1
91	103	1
91	104	2
91	105	3
91	106	4
91	107	5
91	108	6
91	109	7
91	110	3
91	111	2
91	112	2
91	113	2
91	114	2
91	115	2
91	116	3
91	117	4
91	118	5
91	119	6
91	120	7
92	93	1
92	94	2
92	95	3
92	96	4
92	97	5
92	98	6
92	99	4
92	100	3
92	101	2
92	102	1
92	103	1
92	104	1
92	105	2
92	106	3
92	107	4
92	108	5
92	109	6
92	110	4
92	111	3
92	112	2
92	113	2
92	114	2
92	115	2
92	116	2
92	117	3
92	118	4
92	119	5
92	120	6
93	94	1
93	95	2
93	96	3
93	97	4
93	98	5
93	99	5
93	100	4
93	101	3
93	102	2
93	103	1
93	104	1
93	105	1
93	106	2
93	107	3
93	108	4
93	109	5
93	110	5
93	111	4
93	112	3
93	113	2
93	114	2
93	115	2
93	116	2
93	117	2
93	118	3
93	119	4
93	120	5
94	95	1
94	96	2
94	97	3
94	98	4
94	99	6
94	100	5
94	101	4
94	102	3
94	103	2
94	104	1
94	105	1
94	106	1
94	107	2
94	108	3
94	109	4
94	110	6
94	111	5
94	112	4
94	113	3
94	114	2
94	115	2
94	116	2
94	117	2
94	118	2
94	119	3
94	120	4
95	96	1
95	97	2
95	98	3
95	99	7
95	100	6
95	101	5
95	102	4
95	103	3
95	104	2
95	105	1
95	106	1
95	107	1
95	108	2
95	109	3
95	110	7
95	111	6
95	112	5
95	113	4
95	114	3
95	115	2
95	116	2
95	117	2
95	118	2
95	119	2
95	120	3
96	97	1
96	98	2
96	99	8
96	100	7
96	101	6
96	102	5
96	103	4
96	104	3
96	105	2
96	106	1
96	107	1
96	108	1
96	109	2
96	110	8
96	111	7
96	112	6
96	113	5
96	114	4
96	115	3
96	116	2
96	117	2
96	118	2
96	119	2
96	120	2
97	98	1
97	99	9
97	100	8
97	101	7
97	102	6
97	103	5
97	104	4
97	105	3
97	106	2
97	107	1
97	108	1
97	109	1
97	110	9
97	111	8
97	112	7
97	113	6
97	114	5
97	115	4
97	116	3
97	117	2
97	118	2
97	119	2
97	120	2
98	99	10
98	100	9
98	101	8
98	102	7
98	103	6
98	104	5
98	105	4
98	106	3
98	107	2
98	108	1
98	109	1
98	110	10
98	111	9
98	112	8
98	113	7
98	114	6
98	115	5
98	116	4
98	117	3
98	118	2
98	119	2
98	120	2
99	100	1
99	101	2
99	102	3
99	103	4
99	104	5
99	105	6
99	106	7
99	107	8
99	108	9
99	109	10
99	110	1
99	111	1
99	112	2
99	113	3
99	114	4
99	115	5
99	116	6
99	117	7
99	118	8
99	119	9
99	120	10
100	101	1
100	102	2
100	103	3
100	104	4
100	105	5
100	106	6
100	107	7
100	108	8
100	109	9
100	110	1
100	111	1
100	112	1
100	113	2
100	114	3
100	115	4
100	116	5
100	117	6
100	118	7
100	119	8
100	120	9
101	102	1
101	103	2
101	104	3
101	105	4
101	106	5
101	107	6
101	108	7
101	109	8
101	110	2
101	111	1
101	112	1
101	113	1
101	114	2
101	115	3
101	116	4
101	117	5
101	118	6
101	119	7
101	120	8
102	103	1
102	104	2
102	105	3
102	106	4
102	107	5
102	108	6
102	109	7
102	110	3
102	111	2
102	112	1
102	113	1
102	114	1
102	115	2
102	116	3
102	117	4
102	118	5
102	119	6
102	120	7
103	104	1
103	105	2
103	106	3
103	107	4
103	108	5
103	109	6
103	110	4
103	111	3
103	112	2
103	113	1
103	114	1
103	115	1
103	116	2
103	117	3
103	118	4
103	119	5
103	120	6
104	105	1
104	106	2
104	107	3
104	108	4
104	109	5
104	110	5
104	111	4
104	112	3
104	113	2
104	114	1
104	115	1
104	116	1
104	117	2
104	118	3
104	119	4
104	120	5
105	106	1
105	107	2
105	108	3
105	109	4
105	110	6
105	111	5
105	112	4
105	113	3
105	114	2
105	115	1
105	116	1
105	117	1
105	118	2
105	119	3
105	120	4
106	107	1
106	108	2
106	109	3
106	110	7
106	111	6
106	112	5
106	113	4
106	114	3
106	115	2
106	116	1
106	117	1
106	118	1
106	119	2
106	120	3
107	108	1
107	109	2
107	110	8
107	111	7
107	112	6
107	113	5
107	114	4
107	115	3
107	116	2
107	117	1
107	118	1
107	119	1
107	120	2
108	109	1
108	110	9
108	111	8
108	112	7
108	113	6
108	114	5
108	115	4
108	116	3
108	117	2
108	118	1
108	119	1
108	120	1
109	110	10
109	111	9
109	112	8
109	113	7
109	114	6
109	115	5
109	116	4
109	117	3
109	118	2
109	119	1
109	120	1
110	111	1
110	112	2
110	113	3
110	114	4
110	115	5
110	116	6
110	117	7
110	118	8
110	119	9
110	120	10
111	112	1
111	113	2
111	114	3
111	115	4
111	116	5
111	117	6
111	118	7
111	119	8
111	120	9
112	113	1
112	114	2
112	115	3
112	116	4
112	117	5
112	118	6
112	119	7
112	120	8
113	114	1
113	115	2
113	116	3
113	117	4
113	118	5
113	119	6
113	120	7
114	115	1
114	116	2
114	117	3
114	118	4
114	119	5
114	120	6
115	116	1
115	117	2
115	118	3
115	119	4
115	120	5
116	117	1
116	118	2
116	119	3
116	120	4
117	118	1
117	119	2
117	120	3
118	119	1
118	120	2
119	120	1
